40 18 200
20 10 4 100
38 8
29 12
36 16
2 8
28 7
2 12
10 16
12 6
17 0
22 17
22 12
10 15
33 9
22 15
32 6
7 6
10 5
33 3
21 16
12 7
5 16
39 11
26 11
2 17
20 3
11 5
31 17
20 14
10 9
34 13
29 2
26 7
11 8
9 0
0 8
31 10
6 1
30 9
30 16
23 14
3 17
38 4
10 4
11 10
13 2
3 1
3 12
39 17
12 8
9 8
39 13
38 1
6 16
2 11
1 17
25 12
21 14
16 0
30 15
22 11
38 10
16 4
35 8
10 17
24 8
1 12
34 12
16 7
21 12
19 3
12 4
38 17
34 17
17 7
13 14
17 10
7 1
33 12
15 16
26 6
10 3
15 1
24 14
24 1
19 16
8 15
23 15
37 5
2 3
33 11
3 11
25 14
16 13
36 13
23 0
14 0
33 16
5 4
13 13
15 13
