LOCKED
37
735 172
431 454
840 248
754 416
300 182
97 388
123 295
853 539
739 549
228 306
594 224
354 299
97 127
320 90
878 120
132 204
467 267
528 556
405 556
300 368
530 89
830 322
623 139
97 526
321 464
527 397
194 415
196 543
694 269
207 96
855 408
627 553
630 455
443 107
405 182
676 355
300 556
81
4 15
18 1
25 1
10 20
1 19
25 16
12 15
4 12
36 26
16 34
32 25
26 9
2 28
10 22
23 27
9 4
9 6
18 24
28 25
35 21
14 22
30 7
31 32
33 10
17 1
0 28
5 9
21 30
17 18
24 1
14 0
8 7
9 19
29 12
13 29
3 25
3 7
32 8
13 34
25 35
8 31
34 4
15 6
2 14
3 8
10 34
28 16
6 4
14 28
36 27
21 3
35 3
5 6
31 17
24 36
29 4
24 19
27 5
13 4
18 36
23 5
26 5
10 28
33 34
20 33
20 14
17 25
26 24
32 3
27 26
30 3
22 0
34 9
32 17
0 10
19 26
10 16
20 22
19 11
1 11
16 11
4
4
0
7
25
26
