LOCKED
49
816 275
702 652
271 13
952 652
270 247
816 535
1097 139
1095 881
584 138
700 388
171 193
271 652
951 138
455 248
590 534
409 652
701 534
951 534
1096 13
271 138
455 388
589 388
816 388
144 881
144 777
952 388
-10 193
455 13
455 138
-10 388
144 533
816 138
75 193
409 533
144 652
816 13
455 776
591 652
144 388
816 652
269 388
74 13
951 881
-10 652
952 275
270 775
455 881
-10 533
269 533
62
2 41
2 19
19 28
28 8
8 31
28 27
13 28
0 31
31 35
26 41
29 26
47 29
32 26
38 29
30 47
43 47
43 34
43 30
30 34
24 34
41 10
10 29
10 32
11 34
48 11
48 38
42 46
46 23
46 36
36 45
45 11
11 15
15 33
37 14
1 16
3 39
39 5
39 1
1 37
37 15
39 17
0 22
17 22
4 19
17 25
25 44
44 12
33 40
14 21
5 22
4 40
9 21
9 22
13 4
31 12
6 7
18 6
12 6
44 6
40 20
21 20
20 13
41
17
0
3
5
7
13
14
16
18
23
24
27
30
32
33
35
38
42
