303
S
4
4
4
7
3
6
R
-1
R
-4
8
-5
3
8
-2
4
-4
-3
9
6
5
2
-2
R
-4
-7
7
-3
4
1
8
9
9
-5
-3
6
6
1
-2
-1
-7
-6
1
8
2
1
-6
7
-4
7
R
2
-2
4
-2
-7
5
7
5
9
8
4
8
-7
3
R
2
-2
-1
5
R
R
9
8
-1
-6
4
-6
5
9
2
-5
R
1
3
-6
2
4
7
4
-7
4
9
4
3
-3
8
-3
9
7
9
-1
1
3
-3
5
-3
R
3
4
8
4
-1
1
R
-3
-1
6
-1
7
-1
5
1
R
3
5
-2
4
3
-6
R
5
R
1
8
-1
7
1
9
-2
5
-3
4
-6
R
4
9
1
9
-2
R
9
4
-3
2
R
-4
8
-1
7
3
8
-4
3
R
R
3
-2
4
-7
-1
-2
2
5
R
1
4
-7
-1
5
R
-2
3
7
2
-4
9
6
-2
-1
8
5
-1
-5
5
7
5
3
-2
2
9
-5
8
5
3
6
3
2
5
-3
-2
-5
-5
9
-4
9
-2
6
8
7
9
7
R
3
3
-7
-1
2
1
4
7
7
-1
8
1
-3
3
5
-7
-3
R
-1
6
9
-4
9
9
6
-6
8
-2
6
8
-5
-1
-7
1
-5
4
6
2
-5
4
9
R
9
4
8
6
-5
5
R
2
R
-4
1
R
4
6
R
-7
-1
-7
8
6
4
9
-2
R
4
-4
8
-6
-1
-3
-5
-5
1
-5
R
1
E
