100
50
#################OO######OO#########O##########OOO#O#O##############################################
#########################OOOOO#################OOOOOOOO#############################################
#########################OOOOO#################OO#OOOOO#############################################
####OO####################OOOOOO###############OOO#OOO###########################OO#################
##OOOOO################O##OOOOOO###########OOOOOO##O##############################O####OO###########
#OOOOOO##OO###########OO#OO##OOOOOO########OOO#OO##O####O############################OOOOO##########
#OOO##################OO#####OOOOO#########O#####O#####OOOOO###OO###################OO#O############
######################OO####OOO#OO#####################O#######OO########O##########################
######################OOO###########################OOOOOOO###OOO##################O##############O#
######################OOO###########################OOO#O#####OOO#################OO#OOO##########O#
#####################################################OO#O#####OOOO################OOO#OO##########O#
################O#####################################OOO#######OO#############OO###O##O#######OOO##
####################################################OOOOO#####################OOO###O##########OO#O#
###############################################OO####O#OO###################OOOOO###############OOO#
##############################OO#####O#######OOO#####OOOO####################OO##################OO#
##########################O###O######O#########O#######OO#######################O##########O#####OO#
#########################OOO###################O################################O###################
###########################OO##########################O#O#####################################OO###
###########OO#######O##############O###################OOOO#####O############################OOOO###
##########OO################OOO##OOO###################O#O######################################O#O#
#########OO##################OOO##O####################O##############OOO#########################OO
##OO#OO##########################OO##############O#####O##############OOO#########################OO
###OOO###########################O#########O#####O#####################OO#########################O#
####OOOO#######################OOO#########OO#######################################################
###OOO#OO######################O####################################################################
###OO##OO######################O###########################################################O########
###################OOO###############################OO######################################O######
################O##OOO###############################OOO############################################
################O###OOO##########################################OO#################################
################OO##OOO#######O##################################O##################################
####################OO########OO###########OO####################O##################################
####################OO#####################OO#######################################################
####O#############################################################################O#################
###OO########OO###############O###################################################O##############OOO
##OOOOOO#####OO#############OOO####################OO#######################OO####OOO###########OO##
OOOO#OO######O#####################################O##############################OOOO###########O##
#OOO########OO######################################################O###########OOOOOO##########OO##
#OOO#########OO########################################O############OO###########O#O############OO##
OOOO###################################################OO######################OOO#OO###########OO##
O##OO###################################################OOOO#################OOOO###OO#########OOO##
#######################O###########OO###################O##########OO#O######OO################OOO##
######################OOOO####OO##OO############OO######O#####O#####OOO######O################OOOO##
###########OOOOO#####OOOOO##OOO###OOO#########################O####OO#OO######################OO#O##
###############O#####OOO######O#####O#############OO################OOOOO#O###################OOOO##
######################OO######O#####O#######OO##OOOO#################O##OOOOOO################OOOO##
######################OOO####OOO#############O##OOOO#################O##OOOOO###############O###O###
###################O##OO#######O########OO##OO####OOO###############OO##OO#O########################
########################################OO###O######O######################O########################
####################################################OOOO###################O####O##OOO##############
#####################################################OO##################OOO#####OOOOO##############
100
30 4
54 12
30 14
54 27
97 11
52 12
22 28
25 0
83 49
54 2
31 23
75 45
15 43
83 48
27 3
31 23
56 13
30 34
49 41
7 34
84 39
5 3
31 4
53 10
56 12
8 24
7 34
57 18
70 40
28 3
54 1
28 42
22 45
54 2
23 43
21 42
45 14
87 6
44 46
3 4
96 36
33 7
62 8
62 42
19 26
32 23
82 32
75 46
96 13
48 5
24 45
52 9
2 36
75 47
23 42
95 44
6 35
43 6
13 35
8 24
7 24
96 43
98 22
98 19
30 33
52 3
28 17
59 39
77 44
68 37
74 43
64 8
55 15
98 20
80 38
57 17
43 23
19 27
30 42
65 28
47 3
57 17
21 27
2 6
98 13
1 36
36 0
77 13
44 4
31 46
87 4
21 26
28 3
22 43
80 15
26 3
29 45
25 41
65 11
44 30
