10000
2980950684
5047459100
3811658223
6951565505
0200306553
4924502386
59278
633
776524
9967765390
8044781997
1892478193
28214
3855270610
1130326923
9809183034
820100
8885
4619435592
29266
836509
99491441
56296949
1070927140
97698013
7897498543
8061007579
840244
010
76428554
0739
2760084089
0249748838
84684
9030
6296653571
935919
0323041149
8457863538
5887086893
5831
0091759279
0592493370
3952473493
1000453831836
2584942818
546757229115
3193077168
8248210669
7505293
8542929
462606597
0525675869
839896
46166092
9052964578
2176471974
7866215164
8704925708
5655826045
2458
6716286
3470552782
4393722090
2255923569
8433097018
744223
319
821287
6296657916
1410626991
7629841940
7165689252
7340546529
066
8767396542
9280141811
950233
05829141830
5483506538
9913386399
27607
7791
4728286148
973552435531
1560126690
2307194786
0595602871
5879
3079518855
4124346
4247670
7660997091
064241442872
8029512991
762
7572306386
6964871932
7756849173
083466
3151210517
778
5955162172
485929
1857010586
2013858504
8590088501
1531375506
6949934572
69173077
3678312288
2995248656
7093709073
2105013973
5852029555
001768674
072
46434092
415
3541
3345983075
3266689970
2655911006
1810079233
4709488619
9918762766
2965
9681167134
3317
1658330718
6395746295
3009277781
6089567977
71950
36676
65567261
5549933729
8712979660
5713630
9682920987
2012565
2205659374
54784313706
58902488
9251046
2624
1220417
43428
2650
7782434147
5832389
5535487607
265050
1739875
3490053815
9983613638
94134863
7980212546
8806389464
5815574467
6476668988
0480973914
2722
9108239813
3801704019
9537
8904308300
4415743715
9279
2698766
7754
616905
2923455975
3838
1837416874
0675623495
562440
5823517046
2538927555
2312877190
0966933530
4061469985
144
1001140
73274
6080
17234
937194
7224350874
2817011184
19068
969113
3855933604
6184647772
9883296666
64797367
8915523504
5229115
0288928636
4177
5914294086
5003023911
7700034
809543
8629465211
6538838835
6987071522
500268674
0763908835
7664665608
860
123
70016581
547444667
7199628078
1358310
2977795118
4380162260
2490526
7857734954
907914148
1323456974
11552
2036408061
565502
752344628
298497
225802
0436
6499604897
7140094677
77446
5221571075
2067
9969194903
85594717887
0063496732
3796650234
9718144483
641765
472082880
5927205467
2319
8568769223
863155
6193558
199865
1946317231
094429504
4515136608
3034178431
2616124163
51633864
3457
5831510880
3921881903
6317108258
4781529536
9292422923
4300841263
551178
433558538
1310145
92134
833859634
71471
47939671
1952884127
09072
656340
8638405595
021
040079
877
3760212381
7932461
8923621324
8277567884
254995926
8911943
5432889815
7691638245
0098752294
0484869316
5390848476
9003592701
8513399524
9976975095
71088
66386213
9151401852
8797837225
9966801171
48961535
6338519819
974321609233
2726394482
3005916454
1001141692
3392855758
5478
8689737187
543538
99967
2204454982
0147485333
3595929858
1330960835
6518649175
577
8138501339
5591042609
6386002238
7543639691
7878306490
030228
752404
1195241
4412125372
6511799914
539927598
4646568619
7545
6462230595
1023931805
2193157494
36000819
33225061
4793028098
0002443046
9757170994
525751
9203047640
48960179
3965866
4141883101
004
847322
4164
1852979318
0227
9957891591
8217467
0240882074
28490855
5909615376
817621
453062614
539980
9993227429
2455
0002848164
8131837784
38018679
1901868602
7617819
8816728
1554961221
3623688829
5984075162
5610530
149030
5157794964
8332015410
9342744955
0702684303
3151235
689
828954
15354
2506800575
9705977908
752
8077364040
19868
8741599303
1120
815542198695
8810313131
9239751030
328575684
4381966062
6645495858
67218
750618
8044003425
076390346
8098104362
470511
5430448335
781567302
65540091537
092759
7223128495
545893
0675672132
7152678196
866246335
1832563923
3665500663
934273064
377176
5280996174
0099077465
653293
0657472831
1984521510
0582753886
06756171
7001710129
28953
4761
946565
6510499518
5499177498
385444
245806
2013722130
0212814212
6196220
4979252304
3423158757
0187860955
0133994162
8366502819
7086184393
7911403035
7607574992
82567
4264726395
7663132479
03375
6923421076
1328786792
6279570
9678287698
9681078459
0088111516
52952
4615804
8850636800
6448942488
0388859129
4859910178
786262084
2546742011
5151226
76583
7493
3029400010
8576396940
568455
4635938
8895003725
0957088330
7314518406
3435
3744085191
268
90878797746
0027897
7448125514
4873201
6412582171
2501123606
6377587934
722312
0553686154
2740254231
1865017761
2845840500
4399956896
84204478
1050333147
45768371871
7288782634
7339
863590503
22044
2652794938
3462362311
3886517682
4516892891
1121145
2504
97487
5774314184
390464598
95509
4372460
9847
656333
7810
3667651457
89840
596
411
2695995056
90037
63988762
9484142559
842129
3964459809
2559389885
93885
1203557210
6166368793
6102605
8754563
9916006530
4002280337
3212065912
7082994858
65344069
5640804087
2985469515
58363442
011962
2244240
1882758672
68939
1602
2252
280920
8096487341
9062424235
804478956
9758
90633
9732
6297924256
3294883477
3018
176796358
2859918731
1976294830
5344
0427580
6982789273
1435512812
877630
971879
0102498545
533
3036685243
1853378581
5905051075
1722103983
184547
4500617478
038251
4120315002
715370
438382
3670
1285401574
8981293445
806
6383294854
531
33748
95841
4095962
352
045699576
747
8899544248
99578890
3247466
26206017
8374895588
612956953
86520366
427566
8181703241
8122158389
4867888699
6789067548
1175590218
8310252
527
07798
2168150420
5467512856
512285878
4660482809
321435
979005
4635541588
66444233205
6373216022
00535
9137569244
786621592
5316255857
047335
674095
8711363871
06071585
190186694
77235677
23462
6336
4786517922
7641377324
5146514910
05702
6927919221
1610
641168
740119
3509
6166909473
9604072478
0292198568
88759903
6845896420
6692011210
6276483
2446288467
8882408341
9125393880
8963399368
526
1839887699
4710592392
02722
90180
8665259835
5821351816
319380559
6563374847
761844887
7426593473
3129191665
0272285809
0638459812
4785656631
731017
09875
501061
22259292
1097723183
6834872139
703871
7433758705
4843186520
1259766815
0010137519
821
6639323828
621993864
4895529030
9830379828
867867
8198826370
9898684590
442729
9640212605
1285052
9210273732
3327543879
588277
1882777137
0978089985
7740
11369
293
406146526
93113103
439
123
6806960795
006
036899642
5739263128
30265
31044738
7033030
2237
49883161
2191186259
4626626610
4738421
6967362737
4553352243
0877864426
0779
3214650711
84116
3336795135
2495225635
71062270
432596396
161422
8121481
1248773972
5578
285
9130066160
6196281148
1336908121
5882973981
017
5263698091
84232
3601803
2802156848
122357613
97181604
494365197
8483544919457
285971805
4472530211
115
57130148
6706725973
8882478
07509257
4433143837
7905684023
22636
0063092915
9706501422
5508816406
58162147
807384
0655441938
03882
4662456857
6740430170
8770721549
4391542034
79025
3615318117
9150106725
24160600
7368476004
783825
0234591330
4770102788
99706560646
0679288732
910917387
8796440826
7151853427
4006951445
7153415254
2133032465
23904
5506067714
9989672313
1457329301
3512676561
8091698420
0548490082
2806105080
117530406
778928834
9145
4002368771
44066237
4458295725
72190
5034284158
0055270417
237260993
273251
85978
6294931346
6754645274
7165604
0021
9216663924
2700004
6692224567
2639916951
1033178568
9425356135
0511403417
3979009760
7385849382
168653
802391701
6979
9421801538
7480583223
20978844
0995765950
6765
9134548
3968016686
7588
33066542
044
460146970
9811466770
1861417670
7931229501
294
0258352136
591
5585200904
5215289029
8148779453
2326
90212940
3160395418
199
661743
391228311
2460015183
0523080260
8692010584
9721512334
7918230737
5549938210
7750341338
7558091199
2787720948
8822029781
9239808213
1758206851
6740965350
2802543
2466960446
7063
77004513
06166
2753953641
1359486168
5195029650
93929522
97143467
478021
2250134052
9515814993
54186
7256068961
124877869
0038848537
4950906599
32474304
917895382
1011386
1534188237
5403999
5742810211
9079142013
0055011023
4987604192
1576928224
5069352072
3956498619
38342
0615369765
5867789760
7811531387
228
2574734
4897731347
6857243869
3571634
6288295803
7466
2727141584
7374154443
3722838805
09940395
6473174331
6890155874
78620751
7238279038
5064165145
4163
2244295799
2851079
7160921199
5588123054
440735956527
2070532466
7627625732
6792960500
1223525045
0750888063
28876
3965680590
2722410537
2507721406
776299
0588041350
992
2328976025
24670807
4209470538
5719942873
202647
8737
8245854586
6353706321
2490526959
0824196490
2916661022
6468558692
837
6327783878
2872751103
7734062824
602371
5710335006
617526
523790
4590439
466048599
0495
9738388763
7339301492
4491062691
65717
554
1621
6492771835
9663
6668
78037
094066884
4849
6565068314
13461968603
2481504247
5967023627
732912
366795046431
8508829417
6534099008
24164
88695
9938230364
8982
3644505439
62681309601
96829270691
0814714
177
8083
3407932740
20121229
0185453583
61571
4423677
9607529624
1568
6089747444
1477685367
8873381848
3225751135
4148905
3856352871
3359148829
2804442918
4548595
547973
2768954977
3156493937
928
9126
7479950880
96704
0119644
7243181788
755672
4029189869
1849697140
41065085
7899013364
37966
7704
66297
727375
9970756252
828522256017
6345187297
71920
0589501682
970568191
2944320262
1534172117
0553594424
8169451951
2090533183
3339255443
4869496214
2903370
254030
3816297849
165
4006169229
6928420039
5294911756
0627175033
5016313007
69876
35261
7420574777
1985646252
383954059
14733
8976743665
3570559707
1481258135
867425
68428363
1898856330
690
9275894946
64898
9297
1072329978
1887855727
8898470275
9977918847
48876
8301203305
0288093790
0589093605
64643
2084
083
1276394577
1130934094
5474074523
0377563106
131
6491
7178
7025827805
955493520
3546409309
4881997928
5939962947
9158134662
0911902
8821833358
0193669271
6576905347
6133445676
883384
7346920582
36273
0003878224
5808104427
9060040882
3131687885
4398096931
9966261
552858
0375357475
908932540
3670664821
82847
7464257374
7502192161
5282740478
69911681
8496563044
5023166090
4100644990
01492643
6886099350
4725877159
2707851209
4032045682
1007444008
3016516
026728
5288119852
2656894952
3565264215
6727004
5133098715
8780
527476851
554037
6607864938
6621770566
8381129144
4426499679
4633761187
3422666847
7829960901
1409764977
8986124097
194
623449379
6166361326
262520678
2549950040
6531329368
1064408182
6931791
973
0444067115
498831298
5558559558
755
3948424056
4984
454850811
9143
3926146805
6347649836
967190734
533450248
3681462557
0350475139
3884622
211043
189837
1445489793
7452
92355
455
1297550450
1909189688
0911925324
7373085487
7063624587
5579
8439285290
01263
7865
778027
7394
37028773
1698
5617
3902671
0119954683
23026782
0043633129
0139481230
7547720914
537797
65501652
65532201
99707
86874504
4777030261
5017828943
3100159642
242
4401
438300
96878581
228991
438010
04614756
5884423666
58965624
2191186039
6389012698
675240165
0243270557
5286060889
0967446796
8583624686
6534560128
2258607072
97693
6312
6172663
3324132910
9125692904
4701196894
962
459603
2621838012
7587316991
3856357
55249327
4094704503
9310707695
564
4014384947
39666
3796
0197483804
5208697610
1932517807
815049441
5252691182
7253107606
2588899789
9956307086
5763497
8812659444
745743634
9857397264
320771
321206506346
76429807976
420441139
3384249232
5856614
1498723487
36002
4192824149
1866630351
8997840464
8888206759
68283
7655029997
996078
5179854134
247735
8068942001
7744666441
73814
8243308924
1349807226
0992660
312371
9470281997
3740119486
3340362238
61264
940218043
60790037
364824
9860194780
6018913955
47826389
6902385796
725617
0662837532
9291014331
44571154
1926525418
3149307741
6001903470
91151
607573461
76865858
9305383405
8686879166
83110
1879560
7313173043
51815
71772803
228931
8320409983
9989697287
347087928
7459
91941699
8103261505
16235082999
0628824982
9689296630
899082947
2615437620
363
95040
5708245101
0509731923
55151
9858384385
9363786
5295592708
6251757
4180418377
7303304
4330351956
5149596766
500500
6441541282
2251
47741971980
332754900
9792955382
8687453584
72810
5583
6906682476
2590668005
4273992364
6915725595
8482545998
3894058495
3103793541
47155533
294777885
1196
6412066476
5713606953
89278
425766683
755168093
1972655531
9957140639
9224358
60051351292
7582295632
070211
996
240
07962001
5442033806
7784383372
3740645209
3604648926
6720
92972
48956
6268145524
0132744801
6612
440567556
61541573
7491675090
9350716190
2641
9347450
4528984335
11682058
8569769
8627522636
55844299
8432932593
0997
1942043361
2058136233
1726764290
4686703438
9200058847
1629
381
4277
88175
3948426
3396215638
8876271242
68858
831919
4571657
5259669572
4739794303
262898
583824
0122726585
8122139
2337385288
4287256162
945082
939028739
2091268544
3150413953
6754696167
9118964434
1209532014
3460746211
8898
8152109
8171283690
5077624637
9368018929
6867936085
3866050702
4612175738
5688471155
7038722834
5585207
2707118
4502
025684
9953
2729946436
7947162457
7081013378
1109575881
5438526
269
470968088
4688217593
9450455
030953
9122696296
6158412260
20777
1627103273
1892916330
0838
10451
666
9465351905
66802084
9291143575
4524057241
8260825446
33303
7938599038
5410514728
049148
0828754820
7243290
7807498286
03799
748
776707
649938
8138507
3605250447
9950417236
19003638
4325
407912
2020004
5209379575
4661391567
8574907988
3528319530
9899082696
9925946478
3588376339
7774427588
1285
3907040
6682
01676
5789925
29830758038
1596221277
89299
336655611
8296036515
710886
6579725162
6245310207
1244768208
7389
859622
4277183392
4058838630
7395175474
0456812428
4974733
8296
3281
853236
07393
0078788
75466
9281920804
8652049938
78129278
4985547797
7869735945
890788966
7925544050
1799438887
9687852065
4285154633
1558182874
4314298952
6878616397
5789071165
4427278189
1368657
6093264744
5875
1677001610
89921320555
8959151468
2673506844
6383715279
7122305253
2995260351
7484702842
2432691023
66231140656
228894
3950300
5964748278
216571
2346385734
2359309260
4729688868
6412507683
3784141543
522938989
7282
24980625
8292
5489287565
0209763572
1907
2835383667
866055
8398
0977070887
5288344
17227087
630
3222429347
25078700
47835
0886488816
2457331088
2413314901
739302316
8423455414
736069267
4892479651
0068
1148708298
2093137462
2850302519
4449130169
47748782137
38959872
284292827
2714194034
4342933176
4507917610
6465959405
09820
7562201894
9379290765
9765234760
3969145334
12827
0830482717
6444
4988355
07324
429000066
4903
0813563941
723666360
500047
8391104423
679331
5993882003
5158
25036200295
8279677
4712
7262165538
3228749009
1231423203
73410667
8371379830
5570295921
509310917
8885913985
0610424416
5473033893
99614
008023687
3135224884
63854
677
3296921793
2686398238
6850422257
5239858822
3684074249
0479
7413789404
4793477
0359643147
9593494982
0787389371
2506381030
9416610015
5158269
0670446101
0360568660
7358241266
2704596321
9389061145
5282721452
475
7557016661
2091
6179063
2989890369
480383
6079028827
5472821690
10208
5965925702
0166832207
133406
1451306
662215
1333
5505592406
890874350
0265
5630038255
9497820
5158837
0791758385
0400763874
2189877020
9988947075
162
3632012435
88235783
15098687
9232415118
0080230982
5173941437
6665575493
3328763330
10239342
26200
7235658298
14835409
41904254
3912285280
76154729
882359220396
8130981437
8215315
94374
6369540174
526
8668
1879564207
50050053
2984190238
7795323
0662837706
8841406864
8113154604
52839578
0081315507
5987012820
6009414354
355
43446
5082424745
89591630
6125204523
03374
68547873
2020077833
051140
5443
3321414584
2963251388
06927143
62790399
9230
2007553418
5656756272
0053514
770996
32258
5304266715
90622
3929483702
6936
592952
6839619265
5508707292
050636
782993
67132
9688502642
9281350672
64427627
2807704113
02779
539
1506016865
0379021821
47295847527
1963081613
6357724
0212392
85827264
912269802
006005
6504210986
6716
4012097301
973939
766219
948414636
8193430
7607697
074540
5376486903
11822
0289779973
6691266
6997400588
9381940340
735
339457
8423407207
746989
0675164987
8145
820023139
6734989734
5904257604
8582726143
3921138907
2018085855
350981
8514185579
4028685688
81823
808087861
363256
5188423038
8013792579
6158931954
8398774956
193730
7496118332
3818301083
9080364732
86430
7397806
7933957392
5113382444
6380349834
1066330952
87433400
6726855377
3912825121
5649208264
58590899
6828792253
5786770408
01354
484500
6109573192
93907
066
1784322950
702244
5832154173
33962
6754
612
0147749998
8439
3427937657
1535
4268058819
0559328172
4247676952
4279380
3831847993
6153211595
1819
44031
441
63860031
0662148
40239
7698739
362
7066469
69112
2651247
3947352521
46337234
78197703
53220919
8680016480
2841377497
9951230394
4355740260
1118388307
3671
06104386
4288411932
207052574
5731602654
603013
6167181254
27860
7916512891
3927110258
3429346664
6984926048
6689498
7527207724
471059
9379831037
5688565
904933495
5259619
1021599474823
4994617696
088844871
8068473217
9993764327
46715177626
7106234260
0161740375
8309482
5417142692
0200268039
6678033340
740139933
5128127
8544941469
4447246336
4707865028
6854154194
3006585452
9134521387
185418
288767
5385243950
94623
7572
7233
06792012
0830733418
501142134
6047254717
2903689023
66332692
0418527
6197031663
10697
941149570
4562135654
7068346184
87302
4226402676
5253375809
6882850773
9297925654
942158
9060
2320036055
1883297104
41207
73742585
0884063861
3948762205
0501282632
4667669223
3643486570
6193566938
9812279406
73333805
164286
3739891111
29849
0929393716
4932006632
3116
2049407652
9977443590
5251660971
664
788210
9670169425
79259
0233
2584943352
6556739
8875763945
5879032340
5135382461
5289258
4840584498
5000205281
1066
407797
5081
277927
53679
7571533
779555
2565332183
5464465381
0301010
5875650491
5344386
2901337499
1193052528
4162844166
0800
7177825357
53981463
4102193371
2744469904
4688647
5890013889
9198206260
7011688190
4735787945
179
1369467149
1143364004
4629452564
8408844372
016
2133059389
858942
9015833904
07230
35466
8169415352
20642
5758240404
4681983355
502
578172
7108402537
9896811
101
9092342823
9857065903
786625983
7872217850
8522889545
047732323
1119
4345124
90803
1923
0945629562
685
809062
722360875
9300301897
005350587
4655548616
9357811065
32336
678379
0683011661
822756
3334
268741
7442256199
2985171672
076680
6558162
8227092068
0417048544
1767339555
356391808
4348019581
66774367
506480
90411
4318798281
9629418296
50738996
4678541731
1066330901
8688250
7994211709
1022241232
941661072
9790302941
13369892
5733126
2059
88743917
022166
4633544841
253546
92791
9490184988
1885551185
50585
9409049291
856047
7018416448
299293916583
6250
9668482494
00800
57102
565940
1028209
480516195
0100570626
8925743209
084053
54067
58900108
61808150
9552663964
686820
6373245604
8347456123
77490187
306
82459
869200356
9098813605
828959
6913360616
582694
22436
4659346978
6388727839
1535380869
25051
4729587875
938
8643146485
58992
8471063586
97559
9501007111
2354333937
4518
0288975
33039190
3834508
058882308
0988355222
611564649
6797392285
3916571171
14827646
271076
5412695
133834080
7686586314
1117
4516619387
98880
78666
0105695018
7677605250
9554997296
1621774681
7816332555
3667959581
9390746331
4006
1415017
55657738
19807514722
7887102499
8033929
442036
06424
733289
6472739669
9566715330
8560186458
216866
3942185248
1499325555
7437488440
1052933
4596035849
0469
181
1969260
3350476
3354506568
6546089006
386
4406482761
96256
6389867102
729731
1318540
3906320
2009205290
0402046074
0817409
5799101967
3609302499
78314743
7264198035
818235
736
383018323
4528569331
4646533
2077114302
1280
90878336
4110306095
925
862362
8876186611
4066250673
7533082961
4716110
762
9894491906
4079107998
6006
433008546
8521751872
0817409257
7683113983
59809
332716304
8531
01477496
3571780277
0602525
8342143708
1656346686
5549078
8712
42105669
9229923
5793714216
9520214788
82248
7417097
664145
6102691551
9336219325
6812676302
8616695
439312
93847
242
3026813339
0587150766
101231
0945
2086
6823130613
27632200
2056791497
3012140569
4337058935
995
6079450
5819968679
4432023547
4887989794
9842413025
674999811
1942757916
298714456
550976
7770885085
5320368275
224426651
653
3544046
2020112214
8064162
00642032
2493473205
7719978407
5923312577
014808
1539842680
4227410833
9355543114
38549267
6326169771
707013
3399
7386084977
3355832477
2109
749
96307631376
326573112
6737344412
9141300181
354117
42313
9547743531
2202770347
66246
0825
68866
9781
36480375
913602
5006947418
029239
0441364866
3277346708
2249096600
5180059739
53683243400
438138
851306
4877596730
9412636362
4578160053
5852698
7791267850
367169
1864420541
3931394691
6186258512
225177686
7513688728
9502783
5559700
3147571494
0426354768
8206514006
3739222413
04610
8918482553
9609934883299
2073426731
9082
3524837583
9817126464
295211
6890956009
99493
4620941432
1040620281
8111239896
343554
0354832377
290
0126654854
37227
7915
7902549880
46912255
6347229
69102
655400
59982
521
61862596645
981205
512
2379290812
3281
006349222
0002
56300864
99508
818244
9803572160
04440684808
5263617138
1248499826
753309982
7763110835
4937796
30804205
4686624
8988032184
4402158158
5890079200
5470932615
58081264
0107115451
945506
675961706
016947
3479708968
4128634109
488948
776311589
9374766596
3522522247
70113
6475116888
4938
9610298875
39633439
4131742066
2251130449
2259125562
99920737
3711109552
7339068507
19727
68470
8340593912
432660001
5621023154
2625312304
3024
49063
922490281
779414407
909815
9108053342
47981
88096
1770076645
0450371995
8059825466
35874515401
3374489
8600471858
3412994349
6160907968
109339
65761807
733716028
9675386154
0183533851
2044234403
7497117908
9536542402
4273965873
5889778
8046935065
0292
0691798269
7250582655
1373492167
204596242
3016336173
753779457467
8539658684
9333930920
0461470475
82383927
9060042076
913337
7318
151089
2257164524
2449975422
8072616538
3527185382
5755
8649298388
7655
7052154
024860005567
9952880423
4877435
3045292980
8967728418
3684387099
6229211774
39069
6931345067
4949
9845
5542
46624
6334212882
222426597
95330
3405646316
8676
6670429233
4798721736
7254499140
4616456213
7687253295
5525519138
5091606521
777813
296123
7218987135
7646875089
9462476
8877847
79159
7859829649
4932109958
321491319
5608753141
4147044134
3303592960
14266323
76831419
657117
1987220814
666906
33875
7593176037
53996847
8296300547
2755005844
0662434
41198
2090501372
2871
445829026
2198383077
1483970762
8904764958
7571528056
4148905989
0419654319
087
1208657156
6736425364
8193
8110571997
4083866971
5137329222
7012799463
83743
009
73405471
91798565
3054590074
20065666338
07096
1206071084
3750209959
365832
6615129820
3747
02386
7147894
88008547
2537253109
8752882393
0836009507
8068807162
727321
68311
1476215816
298497
9896729424
2552938575
8974782152
53582
7937283885
6833227297
8033161800
5253
70636272
0581
083311
3487836689
9509399802
3208976095
4799918862
9344151
9129
24477140
585
7147699310
1953555688
9671783252
0872833300
25593845
8845755799
9162274510
6858410213
9352
2358541312
5276410140
470948981
97181037797
4644869732
80512724
4507817196
9751631688
4083182
749611
3103756029
63451891990
1667637459
7401398413
94139
756863422
64412263
4948606
86277
0841683268
8501731633
5814
08840
585269731
8470261697
86278
95094367
9596349529
109848312
6342231499
9977415216
944
511
8139837808
3152836393
4782629702
99029
6577722256
3268495398
4034208401
084295
622946
32742835
1359292606
66648
4197459
0833793178
429094355
6713846893
8040989252
8605404937
900359985578
9761140222
4415448887
0597743938
931971
9367658913
089090
47891
1126493413
3563978638
23738
0739
833591
8382108001
96930
8103263792
9395266702
023483
27401386
47970717829
8322622634
1725665626
9952580
4364260690
4487519854
696266
03923
3537784512
7556873990
3144
41863335
6928423
0779493386
6276534
7593162144
1743825138
39807
7147899872
7722
38203403
8073
890562640
66655
7722354440
627252723
4261459147
391
2504
0038497
04614
158984
994989
1127013123
1338347432
26863924
9118356
205348
3847780819
04965943
388679
8880620787
9524803388
734839889
4339651081
3809706577
3606997025
2302020491
3629381069
79013
5703332158
1218199584
259
4900634915
6990005047
1056205968
64795851
619356771
4009549296
8672938
4114092485
5140793584
3452526219
2463692406
7453997424
3712447134
7314991966
0966
2507796640
8628
9631617864
094963
3511335201
56645
0453
64913821
83102344
42094553
4146873988
6716961529
0676791777
8730711
0083208431
5163440120
20114835
9670883469
537796147309
2920
013
90951956
9811678
3540351477
4951916101
9671991681
4860153077
2698729971
7360132
8466978
96220495931
2744464
03594360
4872982605
5280374444
855514
816952
1948440308
99779125
18457
5368324425
7887236351
87829092
8428529859
78502362
22434371094
2888
82741032
9673
1952880632
7707095406
8735327495
330316
9970269992
6575451829
9786539325
76669
88806440
3627982176
846964464
6634616860
86442
2716537440
4303
3077220100
5680178669
741
0247143191
512106
95310
38145734
1086261114
7223402634
7308
6577617403
66955
598
33558391
176729
3479086623
6957454790
9814622
43682854715
3906821721
57316099
1030634955
3571655507
4550566044
8115498280
9865947209
3993512593
91248
665655
07563759
5336017818
48021
7696107034
0350087096
0003742245
29191
39122018
0777983
6890487834
9945756090
4967825
478654482
21798
4784049807
3358620418
1203589914
0249609322
279
19483800365
0126293193
627971
898490
2702741
2241
7122042380
8694983475
934071906
2023169047
0014665700
7639113455
3286451930
5608423926
1186291338
7972881073
0984
043399
7657590241
7548282314
6619605021
685010
0474137328
7786788821
668145
8338590373
0937062148
6839588217
5058633738
887071
06889584
0898227637
2724612563
8737395698
3421005013
5517646213
4672346323
6510580085
1662068344
03557
4612178
4479418965
37783
8568319795
6966957340
6351695926
26515
2984988711
77097246
1514075353
7498193488
9072847698
9736770238
5119
964
0214975855
5405090
847442
052
3931
7403882214
07139
3652718462
4969886427
458102
136297
7942498423
00634991
2357647584
6001901
2237348983
4151
2328393981
5305496841
2602441498
471058
3285753293
0940777187
9984736554
5188404
0019509889
0557192640
10663351751
8126567
5151221950
8693644680
6589447277
38971997
3285
3978713868
7324817156
8285225945
3540324
18536
9160808304
7645
7450294451
906619947
1421099873
074771980
5027939639
9379
1494595652
6495022412
674480
6759618377
8801292339
9745450041
402819327
5688191523
0609052697
5207545491
883387
0616915169
3859444026
7380962
103641
58312164825
99382374
2594
5737944132
3745289221
6571135086
76200
1322311742
9400869909
06424184
7808
72438892
2508331925
4974873854
9814445439
62733
413443
7329082707
6167
78620713
1615871447
910491
3648037112
9045645010
5146559240
3594693178
953104754
2225816046
5610539950
877226503
8596220102
97289
59097
9149877830
8374
3932240549
4340185326
263718
7826593971
0275005634
5051705670
0195582084
33962959
8290283948
4724195294
137032
0902250881
900
6005138220
7086329117
8063108249
9743210087
9189453203
8848090695
8388856494
9897
8866489
9232323788
5783
77808971
4177661051
9701372027
0268475949
194909
9659058889
4112638211
9776735001
2135330391
6219942603
87143816
1415275884
4845882821
6175214
0305104
9379347681
9952510
0138136737
9733878034
055916
729685256
44658772
5920217882
7393894039
884558
7767056354
775445534
21244
03404284222
1252977
2078561233
7756115301
0756667962
716
8372806000
093591
786175
8275276
25477902
0685108351
27406
7642989393
72043
2989
3682832901
1905663306
3681463988
694692
5224134583
257484
969231343
661905
185885
5309409680
411266227
926151879
5983758616
03895
2231
776624
4033931617
5913908356
09963
6552
9765984826
4393113632
646
438618
8568317
0172926619
156647
53131231
3640648101
4915
5434071920
2594196617
8229309771
362797
950
72846
0407285925
7442386272
5697286509
5577125630
76544
1607862327
04609898644
7000253
88779
1685
0835173397
1786140893
8117790842
4696172104
8066621219
0945646139
4275
01074301
671
7524745022
7663
8121482475
95026403
4620
8589429204
9081839387
03938
7562
6358981085
0713
53070600
9194111939
4391106895
2801608215
8782693654
9066685
4559
516330069
82297014
4665917399
4583954
2070521
1308155710
0672420361
0082654164
7513726441
6842389719
1857524420
1123307521
6375563827
6083057820
3368513755
3553676929
5346702655
9936287059
5318212
158911
6814399325
8869238391
856490
4743970898
450658
3454917903
1201404310
0305152784
5077117487
2824951354
6954020022
0473624812
345323549
0505000013
627656691
6495782167
5808165842
6669
9681097
934206
3505120345
1609350671
9332737109
4065130
7105169561
7569354490
10763
03490890
1503378725
6374589516
4513043816
3104591419
831900
4479829
90746
0917071673
708632
2655255241
4786680339
814
3449
046
50648163
7183177542
7773
3236720492
16158878790
38905248
7634974404
1841269197
52371404
2660605608
5913840843
2921865122
32786056
1973449880
44356
017593
690238135
4267025572
9063115512
6673026465
2667910348
29631040
102374
76861755
3907044351
935950
9092769208
02889140
500
6375565887
0313361947
69673694866
2766134266
86278
0721
5942673270
5889772504
4092
4548820
9046044830
6654542698
0158021703
1895149034
96782852
334
676356
5178934269
3193806125
01655
0360753423
9989452317
1892331644
510
8823768690
9031533919
5835412870
2509063554
5243173237
0702650449
7210
9232329
7525447684
6771379185
3338462204
8473549839
4749691395
7772467330
4230279190
478565053
00600165
9577475860
840939309
041182
3347735333
7051198217
8238390607
5622309427
1151564986
6473115629
9819981638
0756381614
9352211347
747902
1691604076
9531822689
8303753194
0804095958
4569578096
696736196
4708730597
9141943381
7367413213
3168663309
917894962
1615879481
3831195134
6302305544
7749015456
1046044434
32658397
5445525
29061668
6013512626
4752723803
8201066489
04536813
7290451962
96447
7433464462
0238996527
661579
9710094960
0081383771
47840472
45023200
92249198424
7349713758
271460
06296618
139441931
7154364066
5173950772
1940596972
20932
0296433190
4530620157
9524
2929464146
7237
597901
2056794359
7969207905
5638639342
29871
135
20468044
10562102
089984
1793907129
6722357917
393969512
7622369706
6286256624
9127
3219
785983
362
4119992584
606339
09050
52526857
09451
6215282794
1082145111
63986
5846368609
31107
114359005
7260748230
1309895077
072
56985824
3921588907
8821856880
46639195
634690045
4986569143
8984906318
3796833637
959634671
104
5201823530
4722503445
5239840447
0597744311
1623509871
725310197
5377240875
2919538645
2033588326
1496995506
715226
1999
7599969223
608825
1459888795
44603
0337769
0089049101
2413538
9462759163
791592646
0503446306
8525071144
0848766549
480212255
7915885016
1094383935
8380333544
0735009351
4495490905
9226072107
2492283
23878
5569670057
18104
2972710735
9508351137
8665258246
5931945138
249
9447717390
3780
5713315278
6479249558
045787
39294
4508449053
674177918
7881789
551349707
6755645049
1358310392
7332842925
766099611
49026
330
24775
925145102
013642
0484558746
848
0558321654
4405425666
3963326393
8199828022
6223828321
6169036669
3651752243
7007942359
2436497
9714396586
3054974694
1518455609
1837981239
882202
0607160022
9170417692
3643173331
73995
0109680649
0938626014
87792
4415474
5412148877
59800761
1362912270
90630
1767208341
59987081
6115643920
4410542615
620482
4651
747
4159859900
8990110952
0029679333
1637875968
8518537228
3110546265
8281038787
5302220602
0531694111
781171327
0141111833
575086141
48860
7158059419
6018478
9833
411948
9531048949
0814784669
9984
8113124812
8839403493
72567
80694832
0805649458
9561
49932468
470103
2740807679
2375067879
375863
9003169704
59136
3492648048
5523208215
7542450331
324
8423558670
920071046
4468357009
9194176
6623519899
63786503
3247468338
0595847294
6164780118
612510
3048726149
7435746279
1122139525
6158786786
17148
0577762506
5890042
2187172120
2594689948
925217
2835349303
4141
3196120341
4817186485
0111025
0324188916
0970
54469
6951833568
94109
69777
3758569898
1242018186
9289849880
444915
92801434
56210210
6606213
0915054966
8432
4715554749
7414673670
2371
5277487527
9066827626
1750454917
1998653403
0786989527
3528796959
8907172838
000371176
4173475043
55722
0528
1663930808
94778226
18924293
6591979074
19354004
618625510
7617821229
82355
17366
8653565844
5747831217
2959557652
0302283902
1012312889
90878178
8153866050
5006190582
2415635892
8009821624
7655023
8047429391
60436
3960717571
250924
6655909261
66922289
1483070192
4313836
031108
9267782371
0958980775
4879665706
17893
61648
387017867
2180976945
6797041320
6979299375
106
8353335933
05204
3019667947
0543277785
3110099973
0554087018
651178
2387060120
6459
50197
41418779
3327906906
877072512
2947778435
43266
496
4229849858
150970
7766240
9665455310
6734418341
9964040778
4846325854
8430702869
151841049
7089717703
18833
1290011824
27929
1870047349
2383865863
2731767033
0374236
4616998385
0755395704
5335046103
0898713358
005538
01324871
066287597
395798
2307150760
5266758242
9222059
4550781714
3359050688
4944650103
6720946
8872710694
6828787
6597945106
1831476014
52093355
8815
9718712989
2317508
596448226
56877
5577105421
43138331
2753210074
6833886760
9477020110
2421320836
95411
5972836
0330051426
6557500453
783802
53462171
3658866153
260244715
9596045171
940251
39017
23875328
0750099
01835977
2138107016
8228087140
918945691638
4671511487
7254111972
422987213
1589845117
5129605612
07026508
2498321
30341
8663249411
3824121501
3558608227
464099964
4312076903
0349205368
1750489042
82774654294
908
9148
0120
3034448296
3931394303
372608
4193319889
26060549807
3121246453
9416548
8050686866
9745511385
1900356213
0796244570
96659396
0828499925
777619030
3571784932
3326421914
7068
9137946513
2317856490
2091
45579
8693028815
028824260
476423
5880
8591875
1294271145
50952953
710573
8138503513
7211
3289034952
4306700416
3406609540
339124
3345983
5336927399
2212723322
5879994
8678245360
7464967089
9950864272
7283570878
1890548243
534927
42658
09022471
246122971
88662342
006226
05558
8493579969
4175658732
1213098463
3131682321
0260
70559247
0234
7243939495
9144185717
3392394026
48550
4607195869
3289790707
1285009012
0431914324
0838381935
9080580930
0650108618
9484126016
394841
948510
7832918660
178157
2526848765
0992469443
881674000
7241856055
9718163
1590178889
791140557942
39443355
5331
5409224192
3396580920
45135
4360298441
8672844931
3350434699
9134525175
9857392597
428606
05316
915015
3458238374
4036864001
278
5257578301
245757
6991167526
22537
4203623592
6983742754
30604437
245733776
0984324
1505906529
0111038666
9973
5163457121
2630227094
747815
29992
1607191
7360214173
1122333969
8303628441
285032080
5192742222
30050
4663990552
4813645284
13700
8635985523
154
2070532617
7386454925
9910019768
2088717225
1076
100384
4729663
19374508
6175209637
977138
878406574
292
362
9062639155
2479
8325
7943042
4233408258
562407
7729285926
406146
0405876209
9600315
492417
7152269998
8502020589
174
9066833
429
2105743899
0319415610
5619960387
0061868
4463660533
12545
4678547
8950633059
0650348456
038
014
0053002968
4956212837
0977631802
5629696942
3731329297
8239555668
9062319439
3835631395
57922
15379
8990821767
1366990522
33979
283538
7000020562
9260859280
4672341108
3932304743
8374358467
4269265111
193421384
3904641529
1710
6891848
92601229
967186
07502
13500592
4783742499
0634089247
847
5119098078
9756614109
346280544
90619320473
4187048317
1811266486
35434
7170923942
4256143121
8810
5432811187
6152
4181
4813112505
24605977
3641258011
31579
66215409
1068887635
73145465
481496194
8249549648
661963749
2078569744
80137594
87352272
0779058248
68348745224
89591463
1993907183
18571
18988471
2477318980
47896
73580
62655
7146703
5150592460
0481553863
4077348668
7762186594
870865
8507784295
8413271753
13941
7138669689
6053047912
73582413
2249642083
9638297878
6016181458
106
3138249216
8090068
136
2346
2903234261
235
025687794203
738602
69546959
0463919163
6495812
888067
4843821
8232
9609932429
6869131
75466
22034300
77507
5129604241
2391605123
3791473896
2131
3710314484
651024
354805622
5833972881
539028
3075009
8310234024
9416067231
7360933589
6687841318
4934409
0149267209
6557351912
0828450280
1871048
0493877643
443920
983787
5075953969
3745287971
4022290656
59233405
0315719408
6721745863
249
01175
2075
1550265015
9706
7611342094
3753080287
6670402524
8700
669
2064109713
7286423801
5819
55857362
3251956982
8568766
46134
41572
3677
02467596320
0354129253
8057027796
09811824
7189797959
73586
44266479
78351
2258166
163787420544
6585809742
114323966
976
130406
7471897828
2148967963
8199114908
7138533
8139408
8773659655
0865269242
94233
8710416849
9724508695
5955988
7238233
1316486
7121274988
3155470633
8081352006
1779179761
5933240368
4186338872
6266652991
1143235125
24222884
5559703
1746760322
080564037
81327
0577018761
9699991097
4012396066
1218237884
761680
6728865225
0538058301
6018947979
0492209312
637415
83982
5438049414
6853461773
5268597923
9540066
7509
8633222448
4987600102
5478439308
84735053
869307506
14568784
8754563512
29388490
5666788235
261543
61804
7621853553
0631
45890
0057491255
2732517030
8569427434
0244285853
792
8584382175
9502296814
4038765734
680691
320671260
7404213804
1016992035
1255053618
8378949280
5821079530
68812
0603323892
9389062
385986
1965026527
9386121322
4410988490
7425700407
6223
9251472053
9118358838
36236898713
66469717
2697689729
8394309570
121817722
9482263134
101694
3020385740
08163
7903169888
9988947454578
3594675847
9111516
49973
6079405
571883068
497
4967208865
122
105621702
1266760074
3121553089
19707015
2540165350
7211192184
1890548443
61935616
7534919770
8822662519
6202
6526644967
6563375
0120487909
2652949376
7390248883
4204
0017369914
8746082552
641458
8732099068
351063
5387613926
4406998521
2461452711
1076919682
3006
9957613223
214896171
429
5442890
7831470884
3588377391
511
87932298682
2598251587
4442
8476515346
0860607538
5349278676
89266
501150764
1158071806
574724
2372689702
8177392688
489247106
2333004
2630820016
0733822040
4676887445
55248473
46016
3546903704
058909568
33529
21264
52468138
9392977308
8128801702
8090629038
2374192195
6636845431
5774311570
6826054258
0012969078
359469084
4508409
8315279
9138387519
0804090449
5996178713
265233
2481
9797219945
5275518499
482258
8166428005
3870267136
863939
7505365517
40051
2387552438
0284243495
3762359
0138694604
0311003671
1299247132
6049670456
4513079925
3756908
46917
1497985526
0702681037
3723098860
8300226638
7879281721
2022635380
3874203
389154
9021353193
8907323200
7145146845
0557365
3895923569
90053853
2514174735
276602
9224938
3322566737
12946641257
544203279451
9455073027
0138644177
8217464652
583161543
0411279432
2872464092
4793913676
3885891971
9630762538
834288
1894871956
2719105872
2456894388
1322104641
9408739315
6690740789
4402294768
5360900743
2849611
8766169498
9402640231
899826457
1649699824
2195707885
240031
1207836
73439726
5907
2020074
2960596545
6288299795
6727008002
682
9816038393
299712
1285951
9692316231
0703265364
9449590653
46902
2628240915
966456
9477823102
8703049716
5060487176
6491042029
0952462723
9026
4877596
82128355587
9081601744
6646979894
71974551
30059
6556736338
99968746871
286
56043
5528572986
6136614421
526360
3658865338
103185
062966575
2626768044
847132
6893118125
356
9759290
0302359088
754598568
5096513093
4935812023
7546349
120694
066098
2941058601
1284
0535536821
68908229
7458680530
182
8403058015
7779591
08600
1740827740
8591862188
891
836007
5380614989
1866280742
9540066873
33923963042
3274747238
40788768
544553916
1090237
5766938216
8298455953
8641
2497979929
6899418603
6552702487
2786627441
15353832
5768162405
8678602
4911653084
8459773745
41674547
0839274994
3124169046
2591733989
918018712
125
2616128
74278661
7154
3454407355
2067
5524991796
982565764
0701485919
2262
73119
47225072
8374
3640
9277113188
7887829
55361262
726125988
6015502129
2897977289
2178324124
8877805709
1984804858
2150
65930370
801376
83421407
66108
66922246
72382280
9249992730
467595154
4458589446
6049673267
75272774407
7278991080
7324807
28929100
9705061416
567
7713419627
4190837128
9329081592
2492284062
7297049654
770
673439122180
75436358
25401789
5549491902
4734
4878548912
42023275
5732420959
77273
00195046
1639865484
1371574375
1857
6734909552
3427947006
5219426776
185
5816216625
1397278643
0876244914
1728751929
305
6725358507
4284703119
0631448793
5253
7705308209
54455
0838332293
5149142340
920
554659
642866
1934216054
7158228636
495
3398875520
3383
906
6614400502
9595788571
4789155331
2850414
10355
5023626143
1098420824
186557
6727511349
03817853
7039971190
0002012417
96405
090
7657282413
0747793797
6335651695
0071544093
054321
9277
9883844063
50261
74793075
4313838111
2657376597
2741197946
6243491818
5451868103
1438576048
5443785961
9110
7745538882
5227249710
4189
6048
7265388674
2687105141
7789210696
997075215
924945949
254472186
8569393478
2709784946
9845053796
0956868647
300
65388961
0482467864
505170018
43823
7725912720
9087911406
675945
276892
207
5005005867
517
35248467
327868616
7457734300
2500949988
5335
096251
4164000301
23879981
345659231
662068
7959552240
3030892528
9739349317
7409
9701254365
5596
4202317512
9245834678
6042932415
762984
6791074454
4569354788
0742236059
5374974813
300283
3575245398
9992079255
1131506026
7915957892
7297386328
544573741
1797186217
7684380
864938
64623317
0777623748
3092149767
15532424
804098871
008263533
68909416
0116
2741196256
9333360739
2844
535012
8897586865
0984306513
2051088556
53774
3281476347
7010202716
6360305915
984248
7416428240
3996104454
7811717857
5768008175
6590608596
4687985731
9452123266
26555
5580397769
2650909778
7228628168
6957752729
4252597408
9419450277
80502192
4607198507
1148399534
2186
3742855510
9724702059
0207059724
8182447005
5688918
3352274048
20374
4471900955
8859219866
5077
77143
2482145
4235996884
9883423418
1687355351
7551567447
713362
3970674507
6633394454
6980663070
9774279599
3097746736
3200612258
6713668865
2773189495
18703
36126571
935735
24670
48081
1742292019
6716179564
2080960532
2285215243
8593946767
6093264484
3620955524
739
8812199458
6017982061
3306499722
4948289072
2477
9253701545
6903963634
2880355300
94202
5841681952
9609273843
14454
8306161421
09445
3957573033
7580216005
225174017618
7879
38221473276
9773298336
3893861586
6977762907
3867
9596343396
469971444
8318926655
3785556101
7960
5122853
0796256640
8649013221
5405608899
04844686
1366
7573
3151
414128803
4381810
8466190691
4784019278
67525
575236
3180710351
222581
4801
7811599
8543101101
5132913903
7978141433
3269844765
2380236778
7732552406
0438700030
3392359694
2698637460476
2585702
545030736388
2922350693
69921
5351788318
4517810896
1029554087
04118170
0771266482
052300
1089972579
0234330945
501
0982752787
84713
09296106
4557927788
6471823562
6530155020
3440519347
4784922361
842127
5250588008
0702624532
3304690005
9214627609
3420
34354
4227
22406
7632141332
4888869198
254
4290
422
7705
7156916524
73665405
8360108342
436026
5943871619
1884699355
54513
30245
4082381
3034140915
7761732756
2779937323
913753561
7375212049
206369
9379293990
1901878
61248
192514
874640
62949367
6645590732
1361446
8198501
7008531075
7036852411
290676520
7673004571
0354830
3394579355
55480
8992169360
8550819528
387026273707
1482
300643987
74961735
1496795760
1025156417
955499
3606995
5027935
609322008
000374860388
30865111
6924944
5964574935
4134436923
8026672537
2800
9574172895
44142
172875
247575
48463387995
472803
9153223739
417
7500472718
9977283
065010183
8239318223
9411496346
936765367
83735
4076
1586268035
1462478757
0191033270
6344004344
788
6314256222
7315367824
8190443464
6558592314
451190
9179179697
1655353199
5307967003
235
5563312361
9090683850
1646980095
1933
6357427467
0948016658
81398
806880757
6854
7219834429
2987167065
604225
5517839714
8253382
3034049992
1138688
931
4414269554
7603465935
585948
598095
0277131760
757155
39663313
22280161
910648
1056212418
35478
587566839
4648237399
0210
4165661735
1003802610
46194
948093857
0803112103
7700
4026443032
0301390362
8960
1797187
6866
6637
8371206713
93340522
4879918670
664559799
00996067
3015287323
6932552726
7794512628
1684285033
13056
3735705140
387026524
223734754
3383950264
8966701
5904255299
1105195817
9003168527
2944924701
5773695961
449547
282
0340166070
239934
6441065970
3236419894
9394951336
7069
3601899685
048753
08462182
7709723891
26322383
858202145
5237148001
0264985806
402
1570537793
37260482
83185
791327
1309895898
014553
313
4902665957
0060069887
08383355
3384233443
0888
1087851585
7780240491
521560
4331800718
9144185
7819774005
5494583853
35987
1078
2894751034
7506414320
3110515374
932916431
6276285211
6441645482
06167
7442332104
65359227
4688219920
9387802077
5095299205
28138
5508551
8209847198
5064184
2258021891
0917972154
3830120898
1909636
760725
9834297
5215607217
3500867953
7143578248
0347288534
6442
5025094269
662474961517
4615809697
940223465
1677154706
692715
052803
8637456493
8826649662
443921
3717
6178644194
4289510407
525966130
0079092857
4026967353
3430
2957749789
0320877318
2533500339
7753
4419452680
8241908578
9405437959
3054920291
712
7267521622
1426638728
0776
3796678
0675
3815526899
5128366629
642214989
82831
292311994
4657581578
4970295774
9106525878
6296080832
8653955477
5380069054
7659613618
3035567284
226190922
80474
342798947
895887
635326
7860012245
9913231971
5277526644
136291932
815128459
33926
0806995243
786973805
16566
628620
0301089428
367318
3957096783
2498331834
99277
2587914625
8542003
7348397080
7296849986
0483779593
8966339812
3300057947
3467882
449
8585
5546641433
5193
1052956442
8007285033
781779
9762803492
1175542437
6422183962
3347775784
1213045177
63957460
163980384
4767602
026847156
8323679716
7597825413
8699279153
7279055368
4738428287
1205
5079
0919312368
3200240158
4989335495
39935
240927
8398976620
8568276012
3186445512
0764484474
60385444872
929010
42620418793
4739942135
1361
887618041
0222
5572602704
93609
4209443757
0451016
1578822
4298055838
4934428374
444725229
8413219454
6862680645
838210
02880
69474
1970707302
76312
69776684
6928653
54064
6572898172
2059309783
9090048
90019
2109959028
378542
2722173166
9029659959
427718398
7593170351
302654
0644124439
3384241
2376
4429942088
9817974898
7238209159
5684028634
37083
6893829273
9502990055
0337769982
8810298975
843749
5584428364
1368646965
69023926600
5227519233
005300739
7614101677
8325954661
3986544232
7920437116
3854009484
096568
141527397
5536115120
2389043998
928014506
0444061
8985618322
97186
3180069659
6457522894
4439296937
4596615265
2181573702
7551686170
43419448
3562179151
5698347946
01260
1138892
90623121
4342085
0973897864
737355002
12060158
9842930919
06507442
740672
321488
2000941562
8373242992
1406
3752636640
75477
401
857
16469
03050
65301586
5716521376
414683800
398
2344401122
4801134978
82816
6246044649
2974522861
09476
2842895382
685347
8366501802
98171234522
5825
0888446463
5489507982
2082658184
435
791579
07452
8829
990539
734833
5239921
037759
09456838
966246
5507190384
4262097249
94210
4914858166
998945765
836053020
1686535697
8742110
3199
0414837424
2987702909
6239037845
561
7195025041
3630163886
9369328681
6476412331
447197803
7525060436
0078816726
3428575516
684
02747
9285185701
887574265
925
50097
1649
744
8038498376
714
6886383592
63498
077982
2792384140
4082602916
0175685501
88103
7897688617
7209848550
8713413548
5617684050
9392474
7096625356
0737006214
99535904
4095948746
259559
3098815985
0877790864
28893
3472989
18261
762765149
93425
2380697854
6361
5218083542
9202
97050314045
5399777039
121819
16915782
6689494985
66196032
8757900920
3904320135
6984876834
682967
20337
519274707
604
9363784913
9342846854
86735
65532744
1607399980
22493442
6276577953
5314781153
6807425647
91746
4360588809
7498161694
57270547
4653961192
4224
7604549964
27491950
2097839825
0452724543
7125201332
4630206885
0905836
2215812
43354485075
0789467205
88521
1991937438
76146
9364892
2984975348
3528
50992
2442911518
631710
7915890444
9281534114
8549588193
1991870770
0022535103
9159873767
9674
0460989442
7252962069
9728720253
771
6422955755
5799109
4305124670
103228
58537868
7972165
241314
4318
271653005
9953778018
7979340726
634516464
8391059502
5018
4918841618
69790097
0942114756
5708443121
6727202751
0528389770
257418735
93939181199
41418901399
9005187708
17097
6677438071
5566848617
682305290
91889071208
6113307148
4128370446
9529
9097328182
1368632013
1597
6321757939
4786387
6645492617
27018
1856693936
7397882264
731496092083
7250585019
9109179595
6131459370
27557
120
34748024
7993841962
2302
7530100796
9363562659
1560769824
6966122963
8253302001
509150
2997365245
1890248798
7145177961
7656
5559706497
2832
67877645
8907838
1208925507
253014
3266256568
6428661238
3439240092
4225032612
119526282
181123407
8353
6628
23551401
7200847858
878569766
6042240422
9392491695
3834975907
0835577685
0977
723
5231666453
4576836312
6656473958
5610731987
98199746
0320623719
57445
8919452353
0474549432
9207399
53345947
6954026
27044
2937445072
2014034685
4059
6916674371
78480
450849
9292428
0220910469
4699799726
6723308651
411996348
6633
9564174505
82170
7658842376
9722
843
0834734917
42525459
4869360939
9180089818
33246
8189303506
67322
7643837
0405870
3570315782
310935795
571390
3244033348
8338905836
5984010506
9949855088
1671801646
3559470058
395247
0755478
7402114926
5028629
4704529165
8555607874
8327
1959683998
0427532915
5957
5257
1925583438
4976124160
6037347596
9742622457
936567
8276828419
02583575
4116409673
2620343638
6333569902
5763531547
244214
0953480863
9787510930
6225427606
0089584
7325548665
957
1616947
2012181357
206203
65769293
5694240281
1262
28917
55249623
1858798981
7842376794
10402
1987763507
632843
8154651860
8061004806
4637290226
3492861306
3861514903
4028162249
9818478256
84270
9281018376
7545989689
57841
0800541750
4652780938
8033970565
804
608517
0556669815
7714436193
3906691362
041935
487
29085276
6198879744
5226487452
0030763390
34469
5552274977
1744428843
1954024012
5946
0053305
459691
1445864698
63605490230
279238868214
6763425989
8703422700
9525271404
5855834010
99187691
348660195
0608
056588
00969
6381260654
3458162733
5791110194
48776615
8638471980
61074
5474776809
3014
185608
695406
2702577300
79516
78119853
0835109
61840
9309168768
0949631043
7373890685
8686338851
6965
0734
0111640455
3658602846
70194
3232817759
0595634456
5011204993
5745598283
5179727529
3640605569
6653589143
9923838713
3929209
8312844753
3854192312
0765483969
0418143414
42553
375241
2650024172
5393
294432585
765399893
4059705607
2665089
14560
324
8542054162
8066717205
9923853716
892
6641173773
9229957148
9480933224
673686
4057680251
644
0982727150
6491046
67136645
9679762748
16465
17672142
4662281830
2998092725
667743274
6716
19683
5347577997
5872
9203235732
4978037617
7862
2037270997
4936148
616090109
119305
80016
3754657543
2993
8390901
6171
1178640727
048234
41804875
6511195
4743518133
299654478
6757736076
181
10891
804400
6158454428
9994431605
4336
6173763664
499461
5730751566
3218262
6962036
696716
3840203808
074161
07166
0247571171
5417577843
8967691
4801229920
08500
6523164927
4643437164
160
4947082628
5350894669
5090737510
4341921
49883141
1899418764
0169013054
973933133
9888585892
3239821651
2251279996
3854995166
186452
2707
61935229
2163647032
494828
60021
6786084387
5570256
08884434
3754065786
2901657966
5577832107
9723328
0577
1609018120
2202013394
99598069
5491815604
10381
68638586
9906
7512388622
5944594301
6748499526
3874260034
1563570649
9854544915
59139873054
27684819
7603054820
9945715
53347
3109355945
2027065884
3545926176
2312873726845
8793205
9808134957
9313
416216
42211333
7364710420
6575450055
6068858778
8907365440
87460815215
5511746347
78694276
6998
9121597798
6527306933
39218366
1577562029
9563843942
2307194436
274312
9226821248
4042134
3347951164
47718629
366
7420643485
4902513496
92850
662
907487
66825
6863616409
4071625677
3376720583
543422
634695
4664281820
5816119
63283
4762550488
6124603563
5980703513
7143579375
7795555120
76546109
637
1273241606
7309839222
616090534
2759911062
29523057
9917572302
15647
0667367845
0120457
385566
5271234
874
62423
4079918446
6279783496
9089327145
1299577124
2043773516
3817002931
8445637338
4443
8166423093
366589
1596127532
663937
9300307
50648717
73053704
0772411820
574787228
7906268055
394165
04105
6268708366
95145
8409394425
3841916674
8735239
6628784989
5727225717
0140893937
87579093
3456586941
12518
8734103
212656889
6893850
4084866262
0349202
1785197298
708616
0337373066
4974374988
5919430
15617
259171703
8791080484
476890
6130360337
2795706283
0205596185
9996875662
6886327288
2244252431
2726160957
8875724
7766248895
84702
7149238474
226599
1825605520
9132
603726
3816947
033
8548904248
0072205395
7483
0102257
1572465646
287602
3344088504
8721852685
7417107395
3099941786
555218
3742589990
1994649968
80281453
2459
3818075667
5832091075
558229852
182560409
5559941095
828691673
8910519824
16384
4808749698
290856
8973128068
440077361117
667746
3897813791
4028168363
5313787860
95663799942
99667522
2401781658
4119510456
3671666700
5561
3543193168
8319
5892
4782413588
9410348715
5938518929
22852120
6315
5337755282
3606209504
07907111
0009676404
1776679774
9599545784
94535
951451002
489516
22044537272
4560
9476404692
527471
90017
4778167792
2342134488
7372430
9251848673
77670559
2180976
7033031944
09979
4634953443
4660531
6560
5182151895
11952486
8372
6038554693
451944
224429061
93522128456
3606283289
0740195238
2792742978
3249458832
2044531779
9698130419
7330180706
7385535129
9135833943
3097770
7742078127
9962782437
3254454539
6613
0639854867
743928
9450316478
7521795279
7817031274
87080
156
1068721981
1739876514
6531208089
2552936
1964991020
728382
4606198969
7732280981
0374383780
9224907899
2046228444
78314725189
5831549173
7183179234
73590572
3793
8584323239
8655671374
3029213066
6062932247
472259
0130048771
1946
0618586160
3814554537
07866661
0947660006
4770103458
6414139504
23077
57084427
671
981
2093680464
3442104813
0056034728
4937918648
149798049
0023707945
8172463368
1683570860
5983762
8680440345
73938
6550160816
7305
77056
7700074620
5306
4771340602
736868
2349458842
0198251489
900224
585583623
8874398736
6554003536
62520974
6425419143
0500261479
3710314527
9245835
1122135
788742
6815
4860225
3119960531
365145553
190567
61377
2657
2625165779
97655710
1460761525
270459
5202056352
62165
2606052590
0126004351
33919
68080006
0823163050
0087856372
4112622575
12992409
09054
9768678392
12750
7865758234
201386
8193749540
2442146230
5185011114
2221834370
013813401
5944547005
8587732683
3392792
73290894
5631
7536786963
4590434565
0449971392
8258128049
4141574989
8209149016
1379651
008889
402644280691
7686074535
6841265987
0814707800
1614217345
9854
1436038038
3191921202006
0099305169
4031675
5344567896
6692010
7816713
0410979013
5272315
43051
646855238
917532171
1164797331
8539786754
302946
5272481039
568844
571994
5476510630
857
5927
5879387293
9571973074
8680304
5479848972
12131545
9913097693
4104233
4604063233
6611573596
2271795505
666130557
642215
1495155035
9803574
017563444
82584956795
066
299806863
66604
7367883822
541214037
0468063364
2416062030
895884
27541
23593491668
93038
2721956916
757
002967583
36834
5412030995
74518
0637511074
37585604
605097
5322006150
5302449659
2544725566
98378
5073128627
7667110226
4391284821
3906206801
5145607237
782
127326280
7603256471
8080883150
8113155244331
7812714438
6727559
7812782439
6838112802
5172
8211787661
79182
041
7587568102
6905860932
7720644205
5908381318
9647099817
52940536
419048
3726084208
5397057535
5256606011
295235
960755673
012049
4058279122
36655043
9502371894
0886259435
0918697676
1567967408
392187
35716592
91366
1175305
2831078279
7904641954
47105979
8152
05815573975
1209525
8310296
4363277
3391927079
3817420113
4547368121
07345
9207321714
9083164154
853962174
1145509213
9226296655
4780994298
4174232
9263097844
122608
093851
8558781348
92037
7252572712
649393
761114606
9456076602
634010
6003054044
3543744975
00826679
548971
1871042275
0003744
2507720753
2635414776
387082014
0577597937
6641793793
7238972208
86294866849
6634636
98271484
4836
4243454779
695
7052632199
250680151561
7211568649
2589458697
5727075501
9456324045
6126689777
35621714
0905472580
17259322
3689310399
9794953144
32760649
3570558348
2020240
3098817
4548509457
4457733247
1682
653501
97652491
8339195360
9701631996
78789971
7331412297
738504
49148922
9334881864
1890436461
9244192516
108274
0735706876
02225988665
9936768826
21681530739
2594406867
2870750382
91582
9664706714
9721196890
54092241142
2124516973
9661
3366555531
19069564
951901
1151255234
865216
9344156072
2110438361
6987871340
97587
9580777680
4202977436
3621010
5674959322
7780245710
0346536137
8572684571
8196677844
1495151937
4154
40715034
5627831851
9129999549
5594549536
5739239864
725058
55175
169360
049386368
95010094
7660996772
830024858
7467597199
10920491
023433763
8932937763
3208193492
1470459874
0852
0640187590
4469099956
326
6535925574
4773086840
2658516
9234935377
210577
2860466674
6251785005
85739
9150103
8601882291
7428624326
7915
3608810931
060
8007194
761785068
672886704
2006564950
72499
4802123722
4335398
64122
00112
54678
763
3098
5980583102
32773410
3099924
198887
7397886
37768
0322622930
7251
0053504517
73098368734
76631381
6033
9380457050
3735732145
0769290708
9546
4263891876
385403
20397
8239
4596020
0191035469492
7551441246
46670
110
4166151478
4716142496
385944
698293
7033
9674472639
3205
5354
295137
5091080471
4001009708
10977
525
03859513
4635596261
8152108664
6473113511
3435624420
7556707943
6001900612
31400
9723780129
58046337
8926584926
366346
5259
6180114295
9920038714
129949642
5283230591
1266775
7557014
5464175
06140
6576989284
6179483929
985399
17673
7498142698
43191
654608
1610553075
6489745031
8508504502
416950
5830975712
8709335284
11616535
86832
4834266161
607205075
7656043598
0610490159
9292322481
4559785653
0027162541
7439450261
5151089753
6279346865
0809
3126333845
27078668
4077617203
4744661105
32544476
9848812558
87533838
36412
2707361762
7687978403
9340771882
0997
7217
715549
237268951
2796091
6977160165
2177931939
1031678
1914690
82153708
9128931260
3709008997
7024872373
7104478253
3481785449
8934272616
360849
10814044491
2923453
1350058002
5996231660
9092189211
1734170333
3652710
2759968407
7327218083
2080233008
338238
2224268452
0706
1470996447
2409279491
46931
203
4842
3222428478
113694
18112687137
9129858
5833807667
8514457812
8397977057
3533991033
9501132705
0987399666
0505
8451673094
3785427222
0330982
80071611
4082685
7542459
30793373
186628568
4842346786
2952351513
0741195892
3355887757
3060407494
13086517532
2408969919
4335449579
47837
0756381
8773754108
547465959
2413015320
8998269619
0742237823
0842857630
46338
3592036527
021288
5122888613
0303742729
7314348257
114529
8715556074
42073
5821950950
8469644722
3060429
893427
0878526882
7644657547
46672794217
7284759918
340792492277
3944339698
102955410
9311368349
1831347004
7643836462
8095887346
5758668148
6540309870
6107528089
2127718339
3017
080696982
2610273121
5703
5283452976
0860602603
1577566534
993676
652782326
4744655
0210184784
2779207939
502362
0457649297
33794
4502379006
1555
7662495809
0935432835
03475652
96220028
1001674500
7779595335
995789
758
3016333483
77775
2656066963
326533196
2247964765
78874867
375668
53629
7183772572
359592394
3557740439
016686
8662120990
17993
888807682
508242
0492951526
8672735354
50931049
37961228
6193557049
622
779451633
9081621
6238803821
6763182101
4022057
9129296632
419087
626140881
694
701847
2516154558
128203850
52881176
39656
17708301
4278
228639
1685
6784804650
4975824742
95252
9409042
7881069905
329697
1011047622
4311
1939477548
07014
544
498079969
8039070652
7523226084
44142
79215872
2557386108
296199690
429782
9856019414
0735
88187488
8916062684
97013714
821
2285643966
5742555681
5702219492
9260194512
0247515381
72945225
93877
3912824144
8393682910
0767894219
0399816273
078738180
3466144793
32111
5158148
7887140355
1461143972
3957546401
1948028247
081357
08031171749
9936759921
641650
47299142
4814180973
2743733
354379
3864925294
9132701976
980576
5032408003
9553
4345
0581556642
4812334
0773
2225815714
6019568369
10123467
19146978
72870
1909630183
5998
16873791
00027487
9380324349
59963988
2992930913
201
6219935112
0549872369
803849
3271492938
6214354182
0457600812
7615473330
7207423080
62691631
9645931359
12203
3135221
59198839239
3641306764
5180593204
08938
521533
7709960161
54894
2908587289
3074
6653823727
0966
0491491087
1941367496
2879906465
8390165859
626503
81991
555227
8345835418
6366
4053440114
6946921849
06620
54765187
9127
7962590022
37991802
6775762471
6488707170
1322100817
1822224891
1032475979
8322627129
6277427413
7807896973
5334505136
531478
1679839011
7742070
0106
3458
26987597
2097845043
0337
0919880906
4950989
3340475
0994
2359344449
7491784998
340793060
1616143
8289526146
1587141989
0453681426
29263642370
7105166
6449578
56189533757249
4292335667
1958014667
4998746270
4006956914
8000475088
0683011351
1168947303
7428371043
3512108169
1092549
2590034131
034
06743
2251880
355771984
6024
4854157937
0546145546
68271839
69648794175
2670840218
8842929477
1883907728
271
6112
5172244
7360939618
4571659363
4424214296
1081407959
5396014
1308659443
8318596712
3287850104
9724771006
3553974173
3337181101
5336254325
486167
776219
8721
37232
7242354555
7275889
3723684
4587
7192
9127767887
3449167188
1687370582
1822779
4648559674
4398
7337
8968778781
9709793771
186989
39724
314801
792043330
531
52949912
003590723
3402790662
6192479266
349
6317
388222
4030253645
4738098021
790210354
4760
3963343738
24163091
87407669
5000476205
984299
591547460
1618660403
6799235675
7568635916
6361986242
72904605
3805653932
9334880
0288181285
0368995215
54931
7682765315
9888585290
2933602748
8432747946
589491
6108703589
803842
93428494
1901442981
1403926346
8155424324
58199
8100201685
2055343
262177
4407355494
19845
9866136475
3394810228
13234384
682872
2996309568
73408127
8697282352
7794143247
126021
3324615
9887694791
1282545754
98362
79165
6843181995
7469011996
5012229349
8738538337
719401
67067221233
6869907777
51605
9527992895
13874
2651501446
4791547525
10941905
6132120448
5078528165
323281
6149928654
2467622397
7108540052
023534
8466983393
149839
107100
5091080
4631062697
4532544100
6342
494239620
6557151684
0950234921
266257819
7302989273
70523
4479500338
9028805388
9375594152
59318
380344
18435
0569475679
505
7410820455
7911056348
1395464387
26788
605030
996073
23682
79627
5313122464
0062173113
6681189080
38183
2675
1524427870
0765573421
0790051994
1070109332
6062606
2633818842
7451561186
0688952605
7525487880
2961868809
1768422343
42388
2970542
92323230
1889
40954
3998674474
2842688165
71929530
6163126045
7844183269
0741351
6622118127
4174246609
1988481957
49431804
669
0027520965
18905469
6553866774
8007196818
1482745902
7792369283
0347156722
1649473670
3754060082
6789969
3253983836
9514519016
57157409394
317
72382
913788928
1645370903
6175041757
67469
74590
636096
8113
5509924185
3573184706
751
2074330058
534058
8476595095
0436756704
526359053
08155
37602179264
3922236789
1138
0379991
35439060
0217969645
03772
686976846
145947
3544513815
080
9923854342
4927802186
8925746485
6961609893
98141444
5899896500
526419411
536836
2864475201
3401787668
8194035092
7305852457
0525
10471828
4384880048
105442
5744972752
3149
9825653758
0997963634
5239916591
0833632654
089004212
599309569575
1744994837
9784386689
9944801412
028800205
65577
4586894271
0555354319
0102859876
744233389
6301253208
85594700895
571421
791
2996090611
67322
708299487
2096267
1446311072
4266959160
4096916133
88762
902961
9179375919
2851040130
6510
5172246960
037256
6441222722
54820535
893427609
7385243121
0898
7782435
7428625459
9426930730
0850608889
8051513764
39128276
7689885213
155496
762988101
2220948772
1912919510
1292889128
967820456
0464962032
199867
4827631394
0742540
81131936
5095250
77490106691
4031679056
3845535047
6234493964
64998319
4854
4947248543
91821
1944038768
4493
9961
7104700611
4669351991
1338111494
3038207418
4259287207
2635418167
6654300440
9456326871
5077
4633596
8976135
6902664573
589940
0558834143
7750903
8474551
6072054030
967
28587
63032246
05682395
27670842
30798
7921587111
1100
1710272427
3670749106
7359037877
7305376042
4797073346
45275
010560
5434443326
7679706197
47398
7427555989
0256875
5725879360
69849728
3983053172
92524294
6452
96355
5337
40318
7009567638
974937
4209357636
3080197855
2421327566
593422
1738
3276410652
7537757948
3727060117
3673371053
1346192383
666557573
0197486
8616645627
7922980345
2013770
07904922
7583949506
522
8973
4216063714
8164616063
2557079061
664697
43370
4993248214
74968534480
973499
045380
9423623246
7467591918
3965000746
4774
0474701
037857
20364964
1914698746
05816791206
0829795774
5804638353
7454256419
3612683897
908
20746646
5747699227
476058
7546361945
3269675673
7875988870
534541
7261299073
3090990574
157227
0104842134
41205441
7996773388
1814
88474258
3241348
2045995613
2002204572
941340524
35490
1250508795
0743339404
365886746
1892667542
1698095661
8678679
4493035645
810872777
5915473174
2058005557
1118039176
5263580814
91358363041
952756
5753231903
1055480942
2456
6106118383
7071326570
99848
39490
3435424971
4383822513
6328487550
2779297
6464767585
1561864059
6353705
1800253216
3826072964
6611664993
8508817
77549
2439718577
5544744137
35248368513
2461222444
0890513677
3912080216
3650611701
2997
9297907994
883738
2408253062
967441
6193576
5268592
610871
7757891238
83002234875
9299
71462814
7933
8354189531
6193501
53365
1014925794
8202136719
8950091626
8666006392
244293604
8183239943
1890549
447773188779
4435857
2655294976
574767
792296
7223677212
6435253043
4120694944
9224107149
4313
6605509
24133400
7266824938
92893
1670981743
21871730730
9674598489
1750489706
172210015
3358152578
9908263139
9028937608
2362787990
35726
198522
850127
005
3017885079
3169562763
9498534554
3299745
0791247796
5349
13931
6251758634
907
98179700726
561896
8725
4889
6709890448
0790498481
3069163128
5064813720
9267771867
6495808780
46485524
86367
8327055701
65340907625
7221447718
7766445332
2987701
2337
025819
049289573
5395153938
2925567493
7621669008
6318376712
702
790464086
5323382810
3213052250
49698014
15321554
8638408
3671636480
881
7771957
1220
14976
3254349001
230
8845409614
9462470124
7715039723
9845051317
7739861854
59445410726
7283
078697
7720941143
2951371596
5026105153
18256033196
64887
0378575965
1160625431
72182575
38301446
6775436884
824190132
69912
4440110720
3057827995
03302161
98144305
1335632415
1349845769
9583
4854382047
0430719795
2628989082
3266688919
83821
7780404
7435708551
6419516
37841070
390469
4629
9615
2008383984
466643
5889771
0119629831
1683571926
4912021407
6242517311
4846324
6226973067
9333811575
29166
6024916285
3951438736
3885
31830
10255
7214197532
43912050834
10562083
6303381662
8648
7614509348
86264742
6316621758
3114366397
6079480045
5555281050
7186154938
4278528109
2880789560
4720587650
3060434550
6792993
387426
50846051
5431721725
0945277118
7439223277
5294230506
2004894201
97735202
058909872245
9827188002
1534613911
2814395546
5666794
3379865968
4619760709
6794914519
205108554
362106
520754
1778
0385959268
9475031130
8797042
5651646165
9837872571
2722418883
1456687683
1609013526
0940736657
4226051890
7916
5391209489
1379610846
925370460
207
4704559251
7427836920
74675671
7795558300
6692220300
8447
6156300320
298497
6006504748
7177281015
4626415379
850122
0258121666
330389
3247931
654
8050049
3379976296
29631
28491
79168
7693235669
4347300518
5831681758
863561
6516618848
5165866495
82484923993
3032998670
4601847446
420481
055353
7874653959
562230400
7340032282
7374266
3543
23977287398
747930
8323673
0662431875
616642
4078800777
163674
1875888803
668784705
5860
5093108705
7655026
2009066729
950607
90670
81131503
5659478377
1504987466
4386101278
6552505226
0337670
3255117602
5972808977
8968402487
2298644815
053860
5063041111
1779163
684141
3779
17165
0109489359
7834247943
289721
07797132246
6166381976
1255727512
6475
0209687
280446
125972
5540044500
0846202884
937
10814009
14569
383355659
395242300
6196205080
888877
968191
0500
8151286311
2472676498
826089
3588863237
7478757567
029
0609023
4534998891
4426493075
9334059161
7294545737
464403
119930
6641
071011678
8114190772
8714380855
7859834789
0841055891
5171
0965744719
05871516
031345
3345980585
669
52154279
1294864399
4515675467
6751892169
8564300631
4913
0555178957
9102278694
827
66843112
4037362397
176795099
5160404915
4937721272
556330130
06086
14830944
991401
9234
3571651247
67471
442951
56741
6750726108
82442
276285
4626060555
9579802924
2055510748
7902101045
5084226466
9114893461
36126819
0185783748
08424
7667306111
2512762703
858132
615564674525
4159043129
2591397
0568219284
5550924
48129
2175577152
5100
455937
0988324659
3244785056
7641723192
4670875
3378564339
5879124150
8151081
5507144356
0528039369
3279714078
8121108
2293929917
1798276
7856869825
539515992
793143568
2877942884
4855753943
240
2074656680
6094280385
4687922
3016351511
341263105
3322
7197996447
19734123235
1333232817
126
7539783379
2887602854
067776
5689900724
3528361461
50342
4751205869
3400310707
46529
2104625934
8188149098
1987
7890037970
45621344
07644413344
8812483978
7685802534
98056
13336
0450377445345
1741788
73095
0805247480
7192992734
3005076
7618441360
2951317
70437
0457448508
9755603
4174690059
37090
0881737816740
3204304380
8852
2343162709
1175308435
4365153807
9781157827
9581006129
7763160098
12182332795
24017879
7687209908
7683
6163751085
5183328546
978
55068
13944447
2796064547
592886907
1035595548
591390
5950531159
77945128048
105372
4499059
2221120951
66333
217
156114
4429414621
6632458762
7387292668
3914315805
3663468878
80688062
0786660671
2882509855
2698631970
3227368585
3303161257
53230325
55869
1328226465
1906950752
68348759
9956074741
7380704097
70085320
6910237890
5002670485
5579
0002
5993095139
088849
4545
667244
631389289
4937
6499851139
8036
97182409
5488483
7385467256
2244987
320814
1665915066
9564323724
6850403985
147049997
43318
20048991034
528545
8722277334
7551568
9959369394
1409463261
4519406939
5045205993
1555384071
3472935368
1255048816
959604
7830841044
147207
9735522448
6900585633
4787134806
6060572934
68918
0366960
07776284
4124361320
1814191042
8189425608
63038795
3004047829
7915594116
804
9210164530
7081
3605122499
53004
673706
4364230
8421551764
7407227081
9484145179
3764341698
032
26735068
0088784259
0670519117
0629668076
4594363
5595
7297051
32473
2627021331
76658
32471
8907676336
7832
4896155853
180732
0705346377
0480642384
7770727615
513732640
7047085013
3983828833
1490339799
1334501199
9429812234
075085
5113262794
669
4339639537
4615864861
4671
6755027
20434
3630
400693
5399542414
76916
9425161378
3206714310
869491264
7701986654
3688
882465
6117
657
8708852762
900
8668572609
0235346270
94556158
0951687197
738608252946
4914466004
1044950397
5673748831
367613
3050396224
6868307365
7458423
5673259545
9756486661
5223142310
9299307532
5408683746
1883929
4721138406
457256
33078962
2894518052
2157663003
4293773573
9598549593
1105
87834
3090829463
5444524
8215099905
93804452
63491
7697226578
3764
3587457894
6398876322
742823226
4162139528
2851045059
3939415329
2572
1423981795
6126502888
2399176750
0709396128
99435
0424642079
6558509
0013191
7898124347
308
7149239231
9997659506
0905441
8849628326
8206
4190423467
5916708109
2228725784
00892
6347649
23463344
749
070266666
2258024426
8462508202
325485
7459587255
99362819
038893
277904
8833889041
463336936
1355
7435296262
9662465526
9175325718
852733
4309223
6170927279
989
2240731360
0380417444
0431968552
1200763206
9765230
3950009209
9919256159
6736428290641
0528520
5796801720
0805202
92514782104
6863853995
387
3382312736
79162053
7442353
630121
9745455343
975390180
20802309024
75247393607
03472178
9413920
0642410137
5567
4170540196
7016657331
3831199154
0481529210
2814424
1859203435
7417098134
5583575402
2595740086
7344707531
5955678
9786532137
844
108
18559
3297852747
8246758625
47790
2212728630
88506386
8360
0990
5572068532
5824
4067601109
4988246
95163
1314542261
193255879
21334
3705402706
5852692997
939480
5923500166
89073272
6435292
44194532
027
2381
335905
9564094118
1944951
8193926
238744
6633361558
0153720307
4368286234
1770839969
4980755455
1515285868
7655033
2099
6083241874
2621
9116877102
3054953980
2741294042
7778163803
3383578296
73301876
03037769
8642403023
961
6644421416
2893386925
49377879
8841659018
0138869
777497
3886760063
9485931425
7593
12505226
4141862764
1550226
677
9164962743
579111
2265990948
8986140113
0588826473
4083166448
1968123
8952304751
0288096
2419978842
34979278
456
26838
6013560873
46600335
2062562710
5379022605
55439
60954
769163
27422
439
3762355778
8335129119
441443
3895849
9021728950
8960926530
9981772200
2671478577
7273890037
1561654755
1815750811
463
8031
482113
4107815097
1814105698
0427531
5619622759
20788375
4325965597
56353
6166914882
2753990727
162
7340894704
4200679244
09827565533
0581670482
6360708929
396003104
8183453912
379143316
94201
1239
61663800
4123
4149712483
4810555773
048246950
0487736951
684
40836023
4584258
3592421188
717
1390231962
82150953537
4326606801
4032043079
4183717004
4896018744
008785611
4821712683
941058181
68287274358
6640336975
6787767134
60176516
9083450676
0468483437
769203092
16793
7607258945
2467515482
72231
73647123244
61751269619
3265706213
47311
5023626637
9419235758
0707263954
4348019
339289
4419891108
433726
7372968035
44109869174
4275068626
2021178411
038413
75136895
6218942200
7229983538
074
6666322621
8596248
3640822
58161
07188
5570294918
3839535298
4778982112
292235
9509434168
947028025194
12503
3867109690
9488689406
351898
6727129
9466619380
3396260789
3140861177
8096797747
0050815671
263160
87460880
5263558
25372595
8374552861
7904626
7513689248
490
379
5771857735
4612170
689048
3036613
297639
0831657109
6534762
4071279585
0380311282
86824
6210
2419977551
594493872
4465136819
9776404438
0589
1848239127
1738616024
23071946
816943
8591869276
0010367998
2927334
00328
4172301999
9818932192
1250536175
717
9414241062
7692032941
295273
5445789347
886
6061868
5616206507
1683578
8277431178
3653983477
4988315710
422746987
7864997416
09394
4653969333
77226
9235352127
2541945493
649570
55720938
8649982978
5310625062
25157
3503253420
4426880076
1090937012
01146
6068010739
8582729982
893123734
00550178
9620343939
9778904102
2386133
160
2748710386
0489986619
3486636989
90318
5394945535
531379
2215885139
6270795232
2849604999
944950
7461747268
5340699430
4279355474
0552325476
96167
1248714
5096678476
4399516497
396596341
405791
9049335940
9484074264
65042
7603077698
07477924389
7943251932
5215429987
8083775979
689379
207479651
6841414056
1128996381
1716427486
855
48543069
99976517230
2125787345
7144372617
758021159
401432
82486
19383
0000481011
9376
6814628424
51556
5860489774
010482
191484
515748
7660060429
3529157354
5355423246
9487243802
56296971
0185529
0966005524
3086783026
892632463
9237612201
61846489
78334656
061094
3189
083557284
0411841550
7528148435
7131933985
5655827404
6394397557
95093
428222
1865
24160447
6052562086
9585296467
8683561221
1641319885
89803
5133092107
241997561
074781707
8126500939
11834
7431
9516445
18827035
4764697163
3815851033
30294087
19463
7932466508
1859200
4854702444
163444
6423980642
636105
4921628987
1166430227
0917977
5750867752
9853030519
9314468919
2203610864
0595
8483543320
9673164335
5550918125
6504299
1999878963
7680526175
7283589631
8626820205
8802778756
0474570945
8238955721
64137
274859
45295
0779824617
2941582490
3435454500
81915
3907
4097787922
16587
7266821871581
2419436508
70483491
2759478120
9342730028
7000448
3348133469
7290669
66151993
745
13039925
0381767551
47840
7653054751
2751654439
3803108
65728124
3423177320
0488795190
4629483
3943712831
2892918791
7888946743
2951504884
066242068
8866229979
2574891001
5084604293
4149
6327783
428510
4830889983
420901
636102754
6441572941
443927
9390233875
1968169002
7543630467
5122295248
9728062887
29841488
31144
499587
75463667425259
1394447159
6141608657
9835757185
910
0418483594
2929105129
4886025327
6637055705
8340526100
718074008
2791219825
0949426989
1733267389
167957666
4886348086
1233964736
1219980172
4146
6327104602
2642138146
847358212
8895005221
6945733649
8466939
8609072765
1250539
9820325326
6167973298
2207674797
5363
2926371124
7656863279
610346437
7062920464
7506743544
89527
2094958415
3705070973
852568
5840477344
7546737067
002379101
4752722890
85695
55720724
5465302744
6445491400
07933308
9135830101
78626832
8195
064244
016944
6676735401
0505
7901414770
392
2621049396
3423038
3882222212
701215
7724474329
53972
6468417370
4065981290
185817
3090463979
6626161095
548966
98960250200
7352487875
47501
5785225
591905810
7393094565
2017527244
5252689840
799395
089086220
817101
743922905
2859720419
63604712
0355457592
12089262499
5629975010
7550554240
4936155387
032252874
006780590
0777485823
5859510641
208
0476988712
7691
5625742621
98424597
4709401
4691222937
3964446
43914718
3229832
8525078445
220
7210
2355147715
5853782050
79712514279
7454254754
6787313629
248204
96761
58267237
81512236
0003877
2264911168
5080321165
055232
95137
837895605
9622085418
11753475
4631067410
3762353792
146
450935389
3232498
6170749981
2893383517
7424503871
2951767171
4574100128
1191450142
1394400639
552551188
6611683108
51253
1923
455
7458023249
4867862
3063592665
3884121130
819403256
4020
9036698860
832590
52431605
6242
75800972
5493181806
4874983101
5757234215
061002
0718613523
9357684868
022171
7712348076
5752368664
3558010
4193312
7796527217
7806293550
6845898682
0969168177
4085144040
502316711
7479303258
9057109479
0205846414
7041041190
9613
62292164
4518
161
50178275
81832
9252464225
4121845067
3797351760
4381909
6386055799
6964867409
3947535890
4077527606
5175892
5391256
1927
1117388664
147765329
1967
3791308227
8943702326
838625
2906169682
8890372409
1942075
1617618316
4259
161431344
6827188835
87829664
638954666
4196258844
04745193
9335539671
57870252
428841315
323
3632042504
85753
1255565534
27792
1346
86057
1637389286
7062927
9819
6273291503
13204
4912319
0217263533
1455271550
24159
249667
5821712076
9769615930
2574124042
998
53575
1590007
4843821515
19488
5390720018
5534938549
7713337198
5622745165
2716
4784150349
0287396336
149698132
6060
8119427
4290947731
1742227724
88858390
3383
4989363
776
6214050291
1741729566
2416314
6261462222
8131838661
5247704871
55567
7845558104
1303975593
59469
5517936933
354
006217011
921
3146444981
462094251
511302
5751433102
6669900051
4257663426
4226608098
87218593
310504
0349014483
0881737857
0084175980
3912821404
8053707657
675961392
12339659
2540300284
55521
8960
3962321433
2203900888
8112857454
087
6605510402
165
7815639295
8074830837
0779626
0981990366
57047
30139
2397723218
74574
4978771
133601
6801301637
6106
789711
4093326435
864
5340188518
2539
0164129945
6720
5977997365
6740248171
0865264539
8030347366
388676071
790464327
2874781
3494669666
99752
0927599811
0456996595
9290287419
50965790
6928478417
3278602087
1135543851
450237570
6687853618
56295
3766120412
5934232099
0420451620
9097320
0770
0275330341
194
5832324212
4423175859
7698893835
3306689362
68933068
6752400216
92534
5088718866
4604611895
6326394875
4151486682
43982
1048317358
7763469380
1294631628
043870884
7814336329
6468518916
66780863
8839286082
7447400372
2676
10562
206256491
9966753507
3307502470
2306946763
4605898830
6025975805
3833505348
006002
5919880352
2217
59445
7811225447
8283870952
9025623677
791826731
470945125
562565
8673874305
02416
9087892221
293363008
7702026253
5859488201
0355811681
6389155664
6333587
6917308006
963805
2404023334
9249046422
3877093180
8880405232
9439032848
185686
052616
97752245
95365358
26354166
0411028
5624405884
6597962433
09735365
1225
8805313686
6269166006
576696138
988210413
342
6156922584
9004696453
8753395365
2834
0790723877
6360591096
0755477079
1370074984
337856790318
4767677267
761849689
89363
80303640
7487960472
1496098528
719962257
96923109887
309
8368200827
7594916327
5852
497029
43986
14199738
9490491
8237
2442971871
7154734
2737229947
2893819624
5896565746
7337190
0772182865
7093717
1090253333
81544
9493968737
7712326353
90923467
4311243265
8140938358
0952945805
828077
5747419
2191146714
95022163
0860605241
5789345176
326849602
7320960407
5377966889
23716
6284112098
9755284478
4313833158
4028691941
2585220268
0264934569
3822
766249204
093090069555
6901
135
8967643028
94004
5998713865
559455
55134
17700513
51858
5337169173
6089
6534736489
299
20913553
9291036926
7968
7145134960
0830
7862091
4065265476
26232
3229834412
1980753352
2769964105
7971252419
5830609743
2632235728
6623113217
2518451266
9421852086
6313894355
666620
6593037391
3422395474
512102
7386037753
2105771786
3796473110
9339382257
69771182
5189526827
8936420388
7427839703
4106924422
4709685200
0267316956
2619118134
3765702045
0199660927
6624055450
22053
0741415785
61560
71469
74787644176
0366977074
4680538497
93428521
578541
759318
8834707745
4341942833
201808
194
8653508205
461383
2726326915
8707342337
426599
103
2199
2153918
2753994
7400999322
4876
80127
397064188
1535290
5923108282
9603785209
4622
8582995969
9293
3818
680
5831211347
9759347461
9693880
9153423189
446366
2066
3227633001
8701361280
2683435561
5017019998
2375894026
11934
6393112432
3707071651
2583470629
2177511045
6359
658368
0791544
8360079366
34226656258
1589564305
40149
846355
2143
941882
6138740808
3301323
8779216581
6165046911
41140
4340189213
614963070
0994056906
7979449344
1260585188
1322315257
460154
7023245373
5470906
582445146
26206
2514270385
107609
636047
0820621807
4062566564
6619072074
7833467165
9882990720
0222538259
4628268362
1574489
0248604911
95057073
2633
7904358128
2504515597
78737728
54747024
8476
4535820409
3342768512
88948
61266
5207548
7286194907
11355
9775307291
6229521067
225591
07076
498
29374985
940904
7203678700
4786828504
5445529957
2251743864
63788
00103675
1869213645
15140769
86559
2416315794
8866544974
52834569
2620600567
5347
636959195
5768006
7887427076
0906761468
238746
275321
0246178245
9434
547483
87113650
1797180
7773006865
887576
1220499035
1826636840
427396457
0501078239
2876081795
40390
01583
77289
156359796
7197437645
282495472
1262543583
4313745608
512889
8212836267
0256877120
7778149499
66575
075782
9547547771
8696826305
33024
6636
8215304464
3606204
62798
81604
0175741121
225817
108214263
250431
6395523445
802548
768658108
013399
4859936
11221326
6473
8824463713
638463
7133793707
1600645181
7442257469982
2535329323
5563229174
19907
0710152547
52955992
9114885
271
54996
8229707313
9093281305
090955
53375844
9260127041
5513451122
3803102863
9780467874
0565648511
24600161052
0938454
2653
26203415
1856230074
8886467905
4686906885
107
98990
8884281622
8271369453
701
6095005226
3915806843
6923324
67296
7214392227
5409150993
9902902958
2652990
5898501110
5621186737
9472132595
339655978
3897190090
8371206489
640
3920940668
1415
5517896
7048454118
0138314
5016337775
0792647149
3912050569
7236685128
6443317251
09570316680
2625215818
4879
1625678378
513309036
9497856896
360006314
002370659
153064696
85402
0290194551
3636253747
454738
77724
2775511585
6661039020
4382385759
7498946679
3218852466
700998
6905864
26581
76836
1136947833
3600064520
2906586003
521556
7425907246
37277
67239
0409778317
1138429394
40629
96298
85417
0001069
4960306698
88739
3434325661
6782
26509
4172309
931473
870885
5380069648
35372430
7207
8907835518
622626814
6060572063
7209841391
9853820665
0911
03859556
0497276
2045293
8018591435
9393914508
6669973
917959995
4400772232
8959603799
310015
530798
0863044767
2813320259
668815
01204559
9021665622
9452533698
742459
4675922810
658
8138975434
699
3885694284
5252619885
8875743212
5158836738
4435863672
5390285775
6239205203
6378807435
8229918175
5367534507
02128033
4366
4584254550
9952583991
5381094244
0132468
88668
074113237
7750789049
8244758810
1689083812
9571230617
5395
1053711968
8537088469
80570278
6749997684
796368
5301821668
1793035370
4167448791
3606589939
7756807
5413674700
8211
0445641381829
1870095923
384232
81214127
5873029517
3242526993
5442514326
7881321732
4598987982
53749350
498
0362296775
0237587944
354593
3835484810
77672033
8263124941
9017353
3559475500
4381813256
904752
90366075
466281
8009174544
4088959823
27073622
2456897163
45132403
2286398830
2482142432
0032829453
4527666234
4903981379
647341
6419582604
270
9508359653
6851
7558092
77852
4578
8474409560
4247643373
5781721661
9122
5142765991
3342715
46866
5687072
9661799
8199815
5121463432
2083011251
10449082
8816
9687853280
445007253
4204801629
9179362
6155645087
0223333673
1161656439
5656384596
9534099018
2568958592
4305128
4869147730
9615
6059308455
701
2036422
5642367974
1306571448
4839
1854556178
6593002556
42930
8816728350
11315
1290427284
7154339583
5051565118
2711656392
190460480
85781
6303505193
7557
7950305479
3006
13528
3452121579
69403200
26987260033
18657
24905
6541503506
1069983581
8800830983
8597533786
2378820590
6258626647
0496531335
1784673531
32764194
8734864450
5178414143
5791394
2730098930
23197
5396437898
0169410244
9114317850
9373522259
10006039
6063173427
2656042956
019362846
694721
29226
1987363
2655510866
1739
3955716011
04996
5616
3968013052
6947284602
8277411126
1455848247
727901
8915180520
6423982190
3006458172
446835643
1345
0952958
2424692022
2131297898
243923
4980781761
0082859637
5294515060
8144064678
4209480424
32336
0538675363
789108
783063989
1117595451
87429908
4581086593
6940
1299356495
3112
496
0050
7602985587
4077558
6763184208
2639353215
6624678139
5406
6232045631
12942714
7386435
2254982642
1937300709
5450383279
2131
29952
967184
00096755122
51622176
120
7333185589
6464892192
9413404809
615845345
73469272
265564
0404898387
698278
5365296019
0742002500
146978
2422214786
8793245584
1109675
755809025
4943655445
2332
1553785524
0175916781
194261
7472534
5346218259
9025606648
2750529064
3621019398
68647
5227
5660
0001065755
672334
6416452067
6940321055
1302846015
509650
9487922568
486936611
2760961582
5165861
3636226
64622339
64913893
9061934859
3340478854
5073
8838255315
01983024556
1202587266
9115188684
4690257481
859186553
88004971
2292143450
979
0520540977
3328391552
981447119
23073
7810854165
2228081601
72865
9270587660
7677275
985877383
0161743943
3280345183
82893
1463114
2798080429
67327248
46393
1021538257
29877
12356
2506800654
03689918644
4670870665
6150412269
7374218243
2122778976
972
0927954020
6939841596
34542
899865307
1789521673
7332079559
29254
96102106
709
7275821862
83320135
82388359
8022408143
12181566
39671
3175020992
8023710680
344051060
84968
1222822151
3999221785
08922127
2212110261
74879
478601425
9017350259
0939880709
3910241295
5860095931
1318546525
2625316
7273792222
39791318
653012
81832603
1669209921
2767090123
3062168345
78061
98021
761
2187441648
4643462170
4364145282
43848850412
6713665
9281927
721474
8908783298
9339943204
050341
1853946196
2146868833
7686090348
944833704
8816397449
0697962576
1055860556
4423014679
803394
5928863127
5787028833
6869606052
8785691216
9080763994
63880
83745695
3623734252
1947601
28021
1561514545
7466922005
4511990485
8818741828
1221
1101699331
9552946464
0680247183
2763221996
1934957696
6651
0277537136
048451
712125
1744421
0056807852
07798283
3271493431
1969406972
9261510775
56738
3493091435
2540
5274540336
516242590
96024
2049193309
6606024837
274193
5446224688
80038
579397
8182316039
34270
8936150375
40610
0254452336
83788
4177663663
4363276639
9104557849
4209072065
5472936427
01076
7428
0556
9357690034
909407
8605404634
8559472051
7896
375317
558
0198307883
0830257
4508491850
0172920
2808401
1000496764
042471
6752
601550
2983090937
72845
2098457957
3075055532
8629027213
8193438262
3992041973
8413364
26959772883
669999
2319402738
3500849689
7897190130
1442
2255473861
149311
7245213583
9120132335
48438
8696185374
39961044
862941
0833209519
8489734272
40959440
20464
81389930985
8678696376
3497918214
8626752765
197
3530
4090
093540
385499044
2740250323
3887
8286
88804055
77097242313
26987248
1659974188
8841542
051340
16142509114
9351025977
0830508
4822161977
9738395
3191836050
6957475416
1103136288
20093
8905621778
1066338960
5383175970
707
8215092
7365595041
25976897
0132479935
8217556
5715749802
8709636067
0835726957
6491381762
2805255127
2846642586
1800953
5708448
9497898951
7337192855
1667674
0519929128
074136
0372259590
7654185806
5226454418
2998094137
6906491282
1028209061
5826760963
4825704548
7762120593
4988026320
7424333792
8594821676
1121143212
10909243
6162668582
984607137
8926321807
92547
1770850
1844196601
714
8577291912
1886072821
9843598258
5962878742
3934158208
884
2325708842
1195243339
20735
3868
0060055639
924028
2736216746
2344420344
27799
4061098449
0763291372
4210564265
1814251513
1768120965
621894197
1698034887
2583471392
705263927
8042132854
8839713010
0569724567
995
2458068248
060321
97383819
3822140372
8073882649
46040659912
9966118547
78502572681
4290004807
705267
80633408
9023380
789784
6173492
9384920946
5582291592
7082221269
183767
1028205402
67161
0707009
2580185921
52959863
48761
4321357295
84691
31695611
7510434792
70116864
2707285075
4108257613
295953276
505
78002
8782979931
2713
8932
9022246115
40684
5722431563
2413372
055743
461976774
3327903377
7499432431
4174090244
45842565
28001
8028143692
121490
9905347100
3154139774
5618950961
9918679
26161
9775623414
8530646871
3582411550
69469217
0445643873
28864
2275293021
8209144156294
5488423961
3479741718
6397
498
9077009917
273
1794193032
0017357
6891844243
0001488532
25982
1890261946
21270324
9304699200
006217567
0793333122
2867956789
71534417
3335899327
66852
7500036030
9178950658
6737508846
2673363529
0765578867
050227
414186178
760
6094
717
8902147730
776
332919
6950099824
7813190395
64164580
7703783900
8823598082
3947929156
3216420212
8699652
2333269605
1522
3275280764
7265182
17636
0677789207
351
6676731854633
8473951871
1316360849
3965966983
6158783
63861
8073808
3816310031
8842812126
9577400899
979067
47324
4100455
1361447199
9475
5396017875
4042083738
2664602859
0145570796
11495
8509730925
0652215959
0274724500
8466919094
547
7262168664
42692676025
869683859
8493
4774882092
72506
5011668104
272412
6511180612
1096
87129068116
3667864408
4873190998
9714393765
31260
4292130466
7778164160
5002689159
0808
464
0175732325
7951414874
1219455056
5836339037
0896162505
7286
5826735
8215384
08817553
5685709444
760251
2177705842
34678
1581347786
4626069
395453
505156606188
7081019338
995073
3820973909
4189805928
2138133239
132217520
2750512
0890027044
05574
599705
4442046916
3105522189
2510489045
1767957496
1936732016
853664
096693112
7527625904
657772
7385467
8580922884
1935400628
4078804880
64913846
7903891043
4660075156
7171565595
2463867170
464329
646851972
6346359159
3796582309
8635253080
9674472
6801509576
83665
0911929627
59805806
00893
043631
6996382259
499461
9098301791
641
9330698421
9402233307
4372465316
99207
394
5004
8186
8697604240
115803
989588
423027433
8064129063
9005317692
9805613863
7079441961
2245966229
07790650
75302839
963
2361145886
1419970031
2874730894
04213
9021643
8508710631
7414676056
4275073218
4232701920
38505006
021207
981538
4169530018
4509215360
9910225290
35953430
238909987
6093268
0064232986
3108876
1786110627
8274974143
264
521942548
3349166
14828798
8406753875
7776101252
7363760993
39787108
97768857
836053341
195806
222418762
7105766709
470446
4415437
981797689
81646069
6809756060
6396127985
1359299885
7163
5334518079
9887328
3746733735
7093996127
7140745860
3966045019
24908
8150419725
08416861
8742172104
2880651602
0830210059
0396244459
7703
6190
2589602299
2015258842
62687
07904972
2662522461
59580757
9334728
0930906157
1645198803
9447
0944237513
6361064365
6268056435
92431
1274804296
3312543638
538317487667
5175899756
700922380
0660336182
1310108983
5579373
77446610
324945332
0082387819
2504317928
193172
7464964
44930327564
0784530800
0137586583
470
8635
7850258452
0133393081
097033
2547700852
490
091707121
3191977301
63516990806
346529081
5124998143
4762516361
4824374927
6763149
70903
9853010019
66496
6778799018
37847
86976055
1437180287
5096590424
5798043027
7141953020
7450297182
7087462087
8036699838
7421129322
58677823
4345124301
9133397858
0702606
6732720418
7664
9213414696
3011939832
3201077849
9188905761
6234454
459043
0281768546
89028
8344
1894
5299481336
176756
82389541
4721282
5246816390
0938231026
2190584097
5663750070
646345
2387412619
4477730167
52865
9448319213
9481733103
6554009
240
7282820817
97686725
0602521159
890755813
3665892484
8050046089
1570327797
7252
6304545
7862091660
011138
46191622
5229306595
33477
6692223417
2405991561
76240
29293
65949479
5122276
508468
973932526
412837662
26626
1698892
809679776784
90925
7554921
7399047305
490756
3178110689
4199601752
21632
8580449
5399686241
6680209869
130935958
8591058507
473993
1336264536
5415665875
6957457
0692718639
433305
36116
25211
00265930
5162461669
689
1472469241
716
0842523765
4098316351
1350
3195168195
704708629
1195
64837
025893
26338530
7583793302
2062394820
4529237589
1629925530
59647
8119426304
0905943152
6441231847
8554601
431873
7252623
7661673159
2893
5027232875
0886209787
0944883271
19888623
906166
3337186
3121246544
827
3954537570
5460901882
7913258826
110161945
1290
3554
7862629819
3884122221
7180726581
1197271070
860409
02812
193941
1500633161
81194266392
1456935927
6516
6075739500
7795039957
174499079
4028733089
8915581075
2897278195
16607
1093374201
970561
8807958536
1102611859
27413
643
73053
7373339918
0242875641
9735316000
2900326915
7754605784
81366484
0750143107
6328510019
3303585
6016184940
33477345
65042176
210559
32689
7353
4335441
0582272751
6538767157
8031796982
25477
8418129266
1412984368
5003028852
1898
1219977198
966289
9748769441
81797801
0556424256
5477
6962769385
32778049
4104096045
850250489
